754
1 2 1
2 1 1
2 3 1
3 2 1
3 1 1
1 3 1
4 5 1
5 4 1
5 6 1
6 5 1
6 4 1
4 6 1
7 8 1
8 7 1
8 9 1
9 8 1
9 7 1
7 9 1
10 11 1
11 10 1
11 12 1
12 11 1
12 10 1
10 12 1
13 14 1
14 13 1
14 15 1
15 14 1
15 13 1
13 15 1
16 17 1
17 16 1
17 18 1
18 17 1
18 16 1
16 18 1
19 20 1
20 19 1
20 21 1
21 20 1
21 19 1
19 21 1
22 23 1
23 22 1
23 24 1
24 23 1
24 22 1
22 24 1
25 26 1
26 25 1
26 27 1
27 26 1
27 25 1
25 27 1
28 29 1
29 28 1
29 30 1
30 29 1
30 28 1
28 30 1
31 32 1
32 31 1
32 33 1
33 32 1
33 31 1
31 33 1
34 35 1
35 34 1
35 36 1
36 35 1
36 34 1
34 36 1
37 38 1
38 37 1
38 39 1
39 38 1
39 37 1
37 39 1
40 41 1
41 40 1
41 42 1
42 41 1
42 40 1
40 42 1
43 44 1
44 43 1
44 45 1
45 44 1
45 43 1
43 45 1
46 47 1
47 46 1
47 48 1
48 47 1
48 46 1
46 48 1
49 50 1
50 49 1
50 51 1
51 50 1
51 49 1
49 51 1
52 53 1
53 52 1
53 54 1
54 53 1
54 52 1
52 54 1
55 56 1
56 55 1
56 57 1
57 56 1
57 55 1
55 57 1
58 59 1
59 58 1
59 60 1
60 59 1
60 58 1
58 60 1
61 62 1
62 61 1
62 63 1
63 62 1
63 61 1
61 63 1
64 65 1
65 64 1
65 66 1
66 65 1
66 64 1
64 66 1
67 68 1
68 67 1
68 69 1
69 68 1
69 67 1
67 69 1
70 71 1
71 70 1
71 72 1
72 71 1
72 70 1
70 72 1
73 74 1
74 73 1
74 75 1
75 74 1
75 73 1
73 75 1
76 77 1
77 76 1
77 78 1
78 77 1
78 76 1
76 78 1
79 80 1
80 79 1
80 81 1
81 80 1
81 79 1
79 81 1
82 83 1
83 82 1
83 84 1
84 83 1
84 82 1
82 84 1
85 86 1
86 85 1
86 87 1
87 86 1
87 85 1
85 87 1
88 89 1
89 88 1
89 90 1
90 89 1
90 88 1
88 90 1
91 92 1
92 91 1
92 93 1
93 92 1
93 91 1
91 93 1
94 95 1
95 94 1
95 96 1
96 95 1
96 94 1
94 96 1
97 98 1
98 97 1
98 99 1
99 98 1
99 97 1
97 99 1
100 101 1
101 100 1
101 102 1
102 101 1
102 100 1
100 102 1
103 104 1
104 103 1
104 105 1
105 104 1
105 103 1
103 105 1
106 107 1
107 106 1
107 108 1
108 107 1
108 106 1
106 108 1
109 110 1
110 109 1
110 111 1
111 110 1
111 109 1
109 111 1
112 113 1
113 112 1
113 114 1
114 113 1
114 112 1
112 114 1
115 116 1
116 115 1
116 117 1
117 116 1
117 115 1
115 117 1
118 119 1
119 118 1
119 120 1
120 119 1
120 118 1
118 120 1
121 122 1
122 121 1
122 123 1
123 122 1
123 121 1
121 123 1
124 125 1
125 124 1
125 126 1
126 125 1
126 124 1
124 126 1
127 128 1
128 127 1
128 129 1
129 128 1
129 127 1
127 129 1
130 131 1
131 130 1
131 132 1
132 131 1
132 130 1
130 132 1
133 134 1
134 133 1
134 135 1
135 134 1
135 133 1
133 135 1
136 137 1
137 136 1
137 138 1
138 137 1
138 136 1
136 138 1
139 140 1
140 139 1
140 141 1
141 140 1
141 139 1
139 141 1
142 143 1
143 142 1
143 144 1
144 143 1
144 142 1
142 144 1
145 146 1
146 145 1
146 147 1
147 146 1
147 145 1
145 147 1
148 149 1
149 148 1
149 150 1
150 149 1
150 148 1
148 150 1
151 152 1
152 151 1
152 153 1
153 152 1
153 151 1
151 153 1
154 155 1
155 154 1
155 156 1
156 155 1
156 154 1
154 156 1
157 158 1
158 157 1
158 159 1
159 158 1
159 157 1
157 159 1
160 161 1
161 160 1
161 162 1
162 161 1
162 160 1
160 162 1
163 164 1
164 163 1
164 165 1
165 164 1
165 163 1
163 165 1
166 167 1
167 166 1
167 168 1
168 167 1
168 166 1
166 168 1
169 170 1
170 169 1
170 171 1
171 170 1
171 169 1
169 171 1
172 173 1
173 172 1
173 174 1
174 173 1
174 172 1
172 174 1
175 176 1
176 175 1
176 177 1
177 176 1
177 175 1
175 177 1
178 179 1
179 178 1
179 180 1
180 179 1
180 178 1
178 180 1
181 182 1
182 181 1
182 183 1
183 182 1
183 181 1
181 183 1
184 185 1
185 184 1
185 186 1
186 185 1
186 184 1
184 186 1
187 188 1
188 187 1
188 189 1
189 188 1
189 187 1
187 189 1
190 191 1
191 190 1
191 192 1
192 191 1
192 190 1
190 192 1
193 194 1
194 193 1
194 195 1
195 194 1
195 193 1
193 195 1
196 197 1
197 196 1
197 198 1
198 197 1
198 196 1
196 198 1
199 200 1
200 199 1
200 201 1
201 200 1
201 199 1
199 201 1
202 203 1
203 202 1
203 204 1
204 203 1
204 202 1
202 204 1
205 206 1
206 205 1
206 207 1
207 206 1
207 205 1
205 207 1
208 209 1
209 208 1
209 210 1
210 209 1
210 208 1
208 210 1
211 212 1
212 211 1
212 213 1
213 212 1
213 211 1
211 213 1
214 215 1
215 214 1
215 216 1
216 215 1
216 214 1
214 216 1
217 218 1
218 217 1
218 219 1
219 218 1
219 217 1
217 219 1
220 221 1
221 220 1
221 222 1
222 221 1
222 220 1
220 222 1
223 224 1
224 223 1
224 225 1
225 224 1
225 223 1
223 225 1
226 227 1
227 226 1
227 228 1
228 227 1
228 226 1
226 228 1
229 230 1
230 229 1
230 231 1
231 230 1
231 229 1
229 231 1
232 233 1
233 232 1
233 234 1
234 233 1
234 232 1
232 234 1
235 236 1
236 235 1
236 237 1
237 236 1
237 235 1
235 237 1
238 239 1
239 238 1
239 240 1
240 239 1
240 238 1
238 240 1
241 242 1
242 241 1
242 243 1
243 242 1
243 241 1
241 243 1
244 245 1
245 244 1
245 246 1
246 245 1
246 244 1
244 246 1
247 248 1
248 247 1
248 249 1
249 248 1
249 247 1
247 249 1
250 251 1
251 250 1
251 252 1
252 251 1
252 250 1
250 252 1
253 254 1
254 253 1
254 255 1
255 254 1
255 253 1
253 255 1
256 257 1
257 256 1
257 258 1
258 257 1
258 256 1
256 258 1
259 260 1
260 259 1
260 261 1
261 260 1
261 259 1
259 261 1
262 263 1
263 262 1
263 264 1
264 263 1
264 262 1
262 264 1
265 266 1
266 265 1
266 267 1
267 266 1
267 265 1
265 267 1
268 269 1
269 268 1
269 270 1
270 269 1
270 268 1
268 270 1
271 272 1
272 271 1
272 273 1
273 272 1
273 271 1
271 273 1
274 275 1
275 274 1
275 276 1
276 275 1
276 274 1
274 276 1
277 278 1
278 277 1
278 279 1
279 278 1
279 277 1
277 279 1
280 281 1
281 280 1
281 282 1
282 281 1
282 280 1
280 282 1
283 284 1
284 283 1
284 285 1
285 284 1
285 283 1
283 285 1
286 287 1
287 286 1
287 288 1
288 287 1
288 286 1
286 288 1
289 290 1
290 289 1
290 291 1
291 290 1
291 289 1
289 291 1
292 293 1
293 292 1
293 294 1
294 293 1
294 292 1
292 294 1
295 296 1
296 295 1
296 297 1
297 296 1
297 295 1
295 297 1
298 299 1
299 298 1
299 300 1
300 299 1
300 298 1
298 300 1
301 302 1
302 301 1
302 303 1
303 302 1
303 301 1
301 303 1
304 305 1
305 304 1
305 306 1
306 305 1
306 304 1
304 306 1
307 308 1
308 307 1
308 309 1
309 308 1
309 307 1
307 309 1
310 311 1
311 310 1
311 312 1
312 311 1
312 310 1
310 312 1
313 314 1
314 313 1
314 315 1
315 314 1
315 313 1
313 315 1
316 317 1
317 316 1
317 318 1
318 317 1
318 316 1
316 318 1
319 320 1
320 319 1
320 321 1
321 320 1
321 319 1
319 321 1
322 323 1
323 322 1
323 324 1
324 323 1
324 322 1
322 324 1
325 326 1
326 325 1
326 327 1
327 326 1
327 325 1
325 327 1
328 329 1
329 328 1
329 330 1
330 329 1
330 328 1
328 330 1
331 332 1
332 331 1
332 333 1
333 332 1
333 331 1
331 333 1
334 335 1
335 334 1
335 336 1
336 335 1
336 334 1
334 336 1
337 338 1
338 337 1
338 339 1
339 338 1
339 337 1
337 339 1
340 341 1
341 340 1
341 342 1
342 341 1
342 340 1
340 342 1
343 344 1
344 343 1
344 345 1
345 344 1
345 343 1
343 345 1
346 347 1
347 346 1
347 348 1
348 347 1
348 346 1
346 348 1
349 350 1
350 349 1
350 351 1
351 350 1
351 349 1
349 351 1
352 353 1
353 352 1
353 354 1
354 353 1
354 352 1
352 354 1
355 356 1
356 355 1
356 357 1
357 356 1
357 355 1
355 357 1
358 359 1
359 358 1
359 360 1
360 359 1
360 358 1
358 360 1
361 362 1
362 361 1
362 363 1
363 362 1
363 361 1
361 363 1
364 365 1
365 364 1
365 366 1
366 365 1
366 364 1
364 366 1
367 368 1
368 367 1
368 369 1
369 368 1
369 367 1
367 369 1
370 371 1
371 370 1
371 372 1
372 371 1
372 370 1
370 372 1
373 374 1
374 373 1
374 375 1
375 374 1
375 373 1
373 375 1
376 377 1
377 376 1
377 378 1
378 377 1
378 376 1
376 378 1
379 380 1
380 379 1
380 381 1
381 380 1
381 379 1
379 381 1
382 383 1
383 382 1
383 384 1
384 383 1
384 382 1
382 384 1
385 386 1
386 385 1
386 387 1
387 386 1
387 385 1
385 387 1
388 389 1
389 388 1
389 390 1
390 389 1
390 388 1
388 390 1
391 392 1
392 391 1
392 393 1
393 392 1
393 391 1
391 393 1
394 395 1
395 394 1
395 396 1
396 395 1
396 394 1
394 396 1
397 398 1
398 397 1
398 399 1
399 398 1
399 397 1
397 399 1
400 401 1
401 400 1
401 402 1
402 401 1
402 400 1
400 402 1
403 404 1
404 403 1
404 405 1
405 404 1
405 403 1
403 405 1
406 407 1
407 406 1
407 408 1
408 407 1
408 406 1
406 408 1
409 410 1
410 409 1
410 411 1
411 410 1
411 409 1
409 411 1
412 413 1
413 412 1
413 414 1
414 413 1
414 412 1
412 414 1
415 416 1
416 415 1
416 417 1
417 416 1
417 415 1
415 417 1
418 419 1
419 418 1
419 420 1
420 419 1
420 418 1
418 420 1
421 422 1
422 421 1
422 423 1
423 422 1
423 421 1
421 423 1
424 425 1
425 424 1
425 426 1
426 425 1
426 424 1
424 426 1
427 428 1
428 427 1
428 429 1
429 428 1
429 427 1
427 429 1
430 431 1
431 430 1
431 432 1
432 431 1
432 430 1
430 432 1
433 434 1
434 433 1
434 435 1
435 434 1
435 433 1
433 435 1
436 437 1
437 436 1
437 438 1
438 437 1
438 436 1
436 438 1
439 440 1
440 439 1
440 441 1
441 440 1
441 439 1
439 441 1
442 443 1
443 442 1
443 444 1
444 443 1
444 442 1
442 444 1
445 446 1
446 445 1
446 447 1
447 446 1
447 445 1
445 447 1
448 449 1
449 448 1
449 450 1
450 449 1
450 448 1
448 450 1
451 452 1
452 451 1
452 453 1
453 452 1
453 451 1
451 453 1
454 455 1
455 454 1
455 456 1
456 455 1
456 454 1
454 456 1
457 458 1
458 457 1
458 459 1
459 458 1
459 457 1
457 459 1
460 461 1
461 460 1
461 462 1
462 461 1
462 460 1
460 462 1
463 464 1
464 463 1
464 465 1
465 464 1
465 463 1
463 465 1
466 467 1
467 466 1
467 468 1
468 467 1
468 466 1
466 468 1
469 470 1
470 469 1
470 471 1
471 470 1
471 469 1
469 471 1
472 473 1
473 472 1
473 474 1
474 473 1
474 472 1
472 474 1
475 476 1
476 475 1
476 477 1
477 476 1
477 475 1
475 477 1
478 479 1
479 478 1
479 480 1
480 479 1
480 478 1
478 480 1
481 482 1
482 481 1
482 483 1
483 482 1
483 481 1
481 483 1
484 485 1
485 484 1
485 486 1
486 485 1
486 484 1
484 486 1
487 488 1
488 487 1
488 489 1
489 488 1
489 487 1
487 489 1
490 491 1
491 490 1
491 492 1
492 491 1
492 490 1
490 492 1
493 494 1
494 493 1
494 495 1
495 494 1
495 493 1
493 495 1
496 497 1
497 496 1
497 498 1
498 497 1
498 496 1
496 498 1
499 500 1
500 499 1
500 501 1
501 500 1
501 499 1
499 501 1
502 503 1
503 502 1
503 504 1
504 503 1
504 502 1
502 504 1
505 506 1
506 505 1
506 507 1
507 506 1
507 505 1
505 507 1
508 509 1
509 508 1
509 510 1
510 509 1
510 508 1
508 510 1
511 512 1
512 511 1
512 513 1
513 512 1
513 511 1
511 513 1
514 515 1
515 514 1
515 516 1
516 515 1
516 514 1
514 516 1
517 518 1
518 517 1
518 519 1
519 518 1
519 517 1
517 519 1
520 521 1
521 520 1
521 522 1
522 521 1
522 520 1
520 522 1
523 524 1
524 523 1
524 525 1
525 524 1
525 523 1
523 525 1
526 527 1
527 526 1
527 528 1
528 527 1
528 526 1
526 528 1
529 530 1
530 529 1
530 531 1
531 530 1
531 529 1
529 531 1
532 533 1
533 532 1
533 534 1
534 533 1
534 532 1
532 534 1
535 536 1
536 535 1
536 537 1
537 536 1
537 535 1
535 537 1
538 539 1
539 538 1
539 540 1
540 539 1
540 538 1
538 540 1
541 542 1
542 541 1
542 543 1
543 542 1
543 541 1
541 543 1
544 545 1
545 544 1
545 546 1
546 545 1
546 544 1
544 546 1
547 548 1
548 547 1
548 549 1
549 548 1
549 547 1
547 549 1
550 551 1
551 550 1
551 552 1
552 551 1
552 550 1
550 552 1
553 554 1
554 553 1
554 555 1
555 554 1
555 553 1
553 555 1
556 557 1
557 556 1
557 558 1
558 557 1
558 556 1
556 558 1
559 560 1
560 559 1
560 561 1
561 560 1
561 559 1
559 561 1
562 563 1
563 562 1
563 564 1
564 563 1
564 562 1
562 564 1
565 566 1
566 565 1
566 567 1
567 566 1
567 565 1
565 567 1
568 569 1
569 568 1
569 570 1
570 569 1
570 568 1
568 570 1
571 572 1
572 571 1
572 573 1
573 572 1
573 571 1
571 573 1
574 575 1
575 574 1
575 576 1
576 575 1
576 574 1
574 576 1
577 578 1
578 577 1
578 579 1
579 578 1
579 577 1
577 579 1
580 581 1
581 580 1
581 582 1
582 581 1
582 580 1
580 582 1
583 584 1
584 583 1
584 585 1
585 584 1
585 583 1
583 585 1
586 587 1
587 586 1
587 588 1
588 587 1
588 586 1
586 588 1
589 590 1
590 589 1
590 591 1
591 590 1
591 589 1
589 591 1
592 593 1
593 592 1
593 594 1
594 593 1
594 592 1
592 594 1
595 596 1
596 595 1
596 597 1
597 596 1
597 595 1
595 597 1
598 599 1
599 598 1
599 600 1
600 599 1
600 598 1
598 600 1
601 602 1
602 601 1
602 603 1
603 602 1
603 601 1
601 603 1
604 605 1
605 604 1
605 606 1
606 605 1
606 604 1
604 606 1
607 608 1
608 607 1
608 609 1
609 608 1
609 607 1
607 609 1
610 611 1
611 610 1
611 612 1
612 611 1
612 610 1
610 612 1
613 614 1
614 613 1
614 615 1
615 614 1
615 613 1
613 615 1
616 617 1
617 616 1
617 618 1
618 617 1
618 616 1
616 618 1
619 620 1
620 619 1
620 621 1
621 620 1
621 619 1
619 621 1
622 623 1
623 622 1
623 624 1
624 623 1
624 622 1
622 624 1
625 626 1
626 625 1
626 627 1
627 626 1
627 625 1
625 627 1
628 629 1
629 628 1
629 630 1
630 629 1
630 628 1
628 630 1
631 632 1
632 631 1
632 633 1
633 632 1
633 631 1
631 633 1
634 635 1
635 634 1
635 636 1
636 635 1
636 634 1
634 636 1
637 638 1
638 637 1
638 639 1
639 638 1
639 637 1
637 639 1
640 641 1
641 640 1
641 642 1
642 641 1
642 640 1
640 642 1
643 644 1
644 643 1
644 645 1
645 644 1
645 643 1
643 645 1
646 647 1
647 646 1
647 648 1
648 647 1
648 646 1
646 648 1
649 650 1
650 649 1
650 651 1
651 650 1
651 649 1
649 651 1
652 653 1
653 652 1
653 654 1
654 653 1
654 652 1
652 654 1
655 656 1
656 655 1
655 28 1
28 655 1
655 48 1
48 655 1
655 114 1
114 655 1
655 127 1
127 655 1
655 330 1
330 655 1
655 391 1
391 655 1
655 490 1
490 655 1
655 534 1
534 655 1
656 77 1
77 656 1
656 209 1
209 656 1
656 310 1
310 656 1
656 480 1
480 656 1
656 537 1
537 656 1
656 617 1
617 656 1
656 631 1
631 656 1
656 636 1
636 656 1
657 658 1
658 657 1
657 54 1
54 657 1
657 219 1
219 657 1
657 251 1
251 657 1
657 256 1
256 657 1
657 443 1
443 657 1
657 449 1
449 657 1
658 104 1
104 658 1
658 170 1
170 658 1
658 264 1
264 658 1
658 292 1
292 658 1
658 406 1
406 658 1
658 434 1
434 658 1
658 452 1
452 658 1
659 660 1
660 659 1
659 61 1
61 659 1
659 81 1
81 659 1
659 308 1
308 659 1
659 320 1
320 659 1
660 183 1
183 660 1
660 203 1
203 660 1
660 275 1
275 660 1
660 527 1
527 660 1
660 529 1
529 660 1
660 567 1
567 660 1
660 599 1
599 660 1
661 662 1
662 661 1
661 263 1
263 661 1
661 302 1
302 661 1
661 315 1
315 661 1
661 317 1
317 661 1
661 489 1
489 661 1
661 575 1
575 661 1
662 6 1
6 662 1
662 30 1
30 662 1
662 214 1
214 662 1
662 217 1
217 662 1
662 226 1
226 662 1
662 242 1
242 662 1
662 253 1
253 662 1
662 311 1
311 662 1
662 396 1
396 662 1
662 615 1
615 662 1
663 664 1
664 663 1
663 138 1
138 663 1
663 156 1
156 663 1
663 243 1
243 663 1
663 354 1
354 663 1
663 407 1
407 663 1
663 420 1
420 663 1
663 431 1
431 663 1
663 457 1
457 663 1
663 473 1
473 663 1
663 487 1
487 663 1
663 542 1
542 663 1
663 618 1
618 663 1
664 193 1
193 664 1
664 274 1
274 664 1
664 496 1
496 664 1
664 522 1
522 664 1
664 564 1
564 664 1
665 666 1
666 665 1
665 65 1
65 665 1
665 109 1
109 665 1
665 333 1
333 665 1
665 469 1
469 665 1
665 652 1
652 665 1
666 68 1
68 666 1
666 241 1
241 666 1
666 288 1
288 666 1
666 493 1
493 666 1
666 511 1
511 666 1
667 668 1
668 667 1
667 364 1
364 667 1
667 453 1
453 667 1
667 484 1
484 667 1
667 555 1
555 667 1
667 571 1
571 667 1
668 42 1
42 668 1
668 107 1
107 668 1
668 188 1
188 668 1
668 392 1
392 668 1
668 627 1
627 668 1
668 651 1
651 668 1
669 670 1
670 669 1
669 166 1
166 669 1
669 370 1
370 669 1
669 437 1
437 669 1
670 108 1
108 670 1
670 139 1
139 670 1
670 426 1
426 670 1
670 482 1
482 670 1
671 672 1
672 671 1
671 148 1
148 671 1
671 155 1
155 671 1
671 322 1
322 671 1
671 376 1
376 671 1
671 581 1
581 671 1
671 597 1
597 671 1
671 607 1
607 671 1
672 22 1
22 672 1
672 39 1
39 672 1
672 185 1
185 672 1
672 303 1
303 672 1
672 472 1
472 672 1
672 491 1
491 672 1
672 633 1
633 672 1
673 674 1
674 673 1
673 78 1
78 673 1
673 232 1
232 673 1
673 405 1
405 673 1
673 416 1
416 673 1
673 506 1
506 673 1
673 525 1
525 673 1
674 154 1
154 674 1
674 342 1
342 674 1
674 352 1
352 674 1
674 365 1
365 674 1
674 463 1
463 674 1
674 510 1
510 674 1
674 531 1
531 674 1
674 604 1
604 674 1
674 635 1
635 674 1
675 676 1
676 675 1
675 233 1
233 675 1
675 402 1
402 675 1
675 558 1
558 675 1
675 588 1
588 675 1
676 12 1
12 676 1
676 64 1
64 676 1
676 100 1
100 676 1
676 403 1
403 676 1
676 425 1
425 676 1
676 429 1
429 676 1
676 518 1
518 676 1
677 678 1
678 677 1
677 13 1
13 677 1
677 153 1
153 677 1
677 309 1
309 677 1
677 418 1
418 677 1
677 517 1
517 677 1
677 520 1
520 677 1
678 69 1
69 678 1
678 84 1
84 678 1
678 530 1
530 678 1
678 643 1
643 678 1
679 680 1
680 679 1
679 32 1
32 679 1
679 38 1
38 679 1
679 79 1
79 679 1
679 146 1
146 679 1
679 300 1
300 679 1
679 507 1
507 679 1
679 566 1
566 679 1
679 614 1
614 679 1
680 21 1
21 680 1
680 135 1
135 680 1
680 237 1
237 680 1
680 336 1
336 680 1
680 357 1
357 680 1
680 428 1
428 680 1
680 548 1
548 680 1
680 622 1
622 680 1
681 682 1
682 681 1
681 119 1
119 681 1
681 238 1
238 681 1
681 277 1
277 681 1
681 366 1
366 681 1
681 372 1
372 681 1
681 383 1
383 681 1
681 477 1
477 681 1
682 53 1
53 682 1
682 59 1
59 682 1
682 145 1
145 682 1
682 184 1
184 682 1
682 331 1
331 682 1
682 422 1
422 682 1
682 492 1
492 682 1
683 684 1
684 683 1
683 15 1
15 683 1
683 91 1
91 683 1
683 134 1
134 683 1
683 224 1
224 683 1
683 377 1
377 683 1
683 594 1
594 683 1
683 609 1
609 683 1
683 628 1
628 683 1
684 16 1
16 684 1
684 85 1
85 684 1
684 96 1
96 684 1
684 105 1
105 684 1
684 250 1
250 684 1
684 413 1
413 684 1
684 455 1
455 684 1
684 573 1
573 684 1
685 686 1
686 685 1
685 132 1
132 685 1
685 151 1
151 685 1
685 249 1
249 685 1
685 255 1
255 685 1
685 272 1
272 685 1
685 278 1
278 685 1
685 301 1
301 685 1
685 435 1
435 685 1
685 624 1
624 685 1
685 644 1
644 685 1
686 40 1
40 686 1
686 191 1
191 686 1
686 270 1
270 686 1
686 349 1
349 686 1
686 408 1
408 686 1
686 411 1
411 686 1
686 508 1
508 686 1
687 688 1
688 687 1
687 50 1
50 687 1
687 130 1
130 687 1
687 351 1
351 687 1
687 412 1
412 687 1
687 535 1
535 687 1
688 14 1
14 688 1
688 167 1
167 688 1
688 335 1
335 688 1
688 360 1
360 688 1
688 373 1
373 688 1
688 556 1
556 688 1
689 690 1
690 689 1
689 75 1
75 689 1
689 83 1
83 689 1
689 111 1
111 689 1
689 160 1
160 689 1
689 221 1
221 689 1
689 265 1
265 689 1
689 269 1
269 689 1
689 451 1
451 689 1
689 539 1
539 689 1
689 602 1
602 689 1
689 642 1
642 689 1
690 31 1
31 690 1
690 90 1
90 690 1
690 189 1
189 690 1
690 248 1
248 690 1
690 512 1
512 690 1
690 552 1
552 690 1
691 692 1
692 691 1
691 24 1
24 691 1
691 169 1
169 691 1
691 307 1
307 691 1
691 483 1
483 691 1
691 630 1
630 691 1
691 647 1
647 691 1
692 5 1
5 692 1
692 283 1
283 692 1
692 456 1
456 692 1
693 694 1
694 693 1
693 218 1
218 693 1
693 332 1
332 693 1
693 339 1
339 693 1
693 344 1
344 693 1
693 371 1
371 693 1
693 395 1
395 693 1
693 554 1
554 693 1
693 632 1
632 693 1
693 653 1
653 693 1
694 194 1
194 694 1
694 374 1
374 694 1
694 505 1
505 694 1
694 549 1
549 694 1
695 696 1
696 695 1
695 92 1
92 695 1
695 174 1
174 695 1
695 258 1
258 695 1
695 340 1
340 695 1
695 345 1
345 695 1
695 592 1
592 695 1
696 7 1
7 696 1
696 202 1
202 696 1
696 325 1
325 696 1
696 450 1
450 696 1
696 474 1
474 696 1
696 621 1
621 696 1
697 698 1
698 697 1
697 245 1
245 697 1
697 458 1
458 697 1
698 19 1
19 698 1
698 26 1
26 698 1
698 124 1
124 698 1
698 163 1
163 698 1
698 321 1
321 698 1
698 513 1
513 698 1
698 568 1
568 698 1
699 700 1
700 699 1
699 49 1
49 699 1
699 137 1
137 699 1
699 235 1
235 699 1
699 297 1
297 699 1
699 314 1
314 699 1
699 347 1
347 699 1
699 516 1
516 699 1
699 649 1
649 699 1
700 273 1
273 700 1
700 276 1
276 700 1
700 410 1
410 700 1
700 442 1
442 700 1
700 462 1
462 700 1
700 565 1
565 700 1
700 610 1
610 700 1
701 702 1
702 701 1
701 11 1
11 701 1
701 71 1
71 701 1
701 230 1
230 701 1
701 260 1
260 701 1
701 481 1
481 701 1
701 591 1
591 701 1
702 88 1
88 702 1
702 254 1
254 702 1
702 312 1
312 702 1
702 414 1
414 702 1
703 704 1
704 703 1
703 123 1
123 703 1
703 172 1
172 703 1
703 197 1
197 703 1
703 379 1
379 703 1
703 393 1
393 703 1
703 553 1
553 703 1
704 356 1
356 704 1
704 500 1
500 704 1
704 538 1
538 704 1
704 587 1
587 704 1
705 706 1
706 705 1
705 58 1
58 705 1
705 89 1
89 705 1
705 120 1
120 705 1
705 207 1
207 705 1
705 378 1
378 705 1
705 503 1
503 705 1
705 546 1
546 705 1
705 585 1
585 705 1
705 637 1
637 705 1
706 113 1
113 706 1
706 152 1
152 706 1
706 173 1
173 706 1
706 261 1
261 706 1
706 286 1
286 706 1
706 294 1
294 706 1
706 306 1
306 706 1
706 329 1
329 706 1
706 550 1
550 706 1
706 590 1
590 706 1
707 708 1
708 707 1
707 2 1
2 707 1
707 147 1
147 707 1
707 150 1
150 707 1
707 213 1
213 707 1
707 514 1
514 707 1
707 544 1
544 707 1
708 8 1
8 708 1
708 27 1
27 708 1
708 55 1
55 708 1
708 62 1
62 708 1
708 73 1
73 708 1
708 110 1
110 708 1
708 234 1
234 708 1
708 285 1
285 708 1
708 334 1
334 708 1
708 498 1
498 708 1
709 710 1
710 709 1
709 220 1
220 709 1
709 361 1
361 709 1
709 397 1
397 709 1
709 400 1
400 709 1
709 515 1
515 709 1
709 584 1
584 709 1
710 87 1
87 710 1
710 187 1
187 710 1
710 439 1
439 710 1
710 448 1
448 710 1
710 569 1
569 710 1
711 712 1
712 711 1
711 20 1
20 711 1
711 33 1
33 711 1
711 35 1
35 711 1
711 46 1
46 711 1
711 72 1
72 711 1
711 149 1
149 711 1
711 178 1
178 711 1
711 291 1
291 711 1
711 380 1
380 711 1
711 404 1
404 711 1
711 596 1
596 711 1
711 634 1
634 711 1
712 18 1
18 712 1
712 103 1
103 712 1
712 144 1
144 712 1
712 171 1
171 712 1
712 419 1
419 712 1
712 466 1
466 712 1
712 601 1
601 712 1
713 714 1
714 713 1
713 9 1
9 713 1
713 157 1
157 713 1
713 204 1
204 713 1
713 316 1
316 713 1
713 353 1
353 713 1
713 421 1
421 713 1
714 3 1
3 714 1
714 43 1
43 714 1
714 66 1
66 714 1
714 236 1
236 714 1
714 348 1
348 714 1
714 367 1
367 714 1
714 409 1
409 714 1
714 488 1
488 714 1
715 716 1
716 715 1
715 271 1
271 715 1
715 382 1
382 715 1
715 509 1
509 715 1
716 47 1
47 716 1
716 101 1
101 716 1
716 165 1
165 716 1
716 182 1
182 716 1
716 257 1
257 716 1
716 259 1
259 716 1
716 551 1
551 716 1
716 650 1
650 716 1
717 718 1
718 717 1
717 74 1
74 717 1
717 126 1
126 717 1
717 179 1
179 717 1
717 239 1
239 717 1
717 387 1
387 717 1
717 470 1
470 717 1
717 576 1
576 717 1
717 589 1
589 717 1
717 625 1
625 717 1
718 267 1
267 718 1
718 543 1
543 718 1
719 720 1
720 719 1
719 125 1
125 719 1
719 129 1
129 719 1
719 445 1
445 719 1
719 454 1
454 719 1
719 495 1
495 719 1
719 526 1
526 719 1
719 612 1
612 719 1
719 641 1
641 719 1
720 52 1
52 720 1
720 118 1
118 720 1
720 140 1
140 720 1
720 199 1
199 720 1
720 281 1
281 720 1
720 318 1
318 720 1
720 464 1
464 720 1
720 545 1
545 720 1
720 583 1
583 720 1
720 608 1
608 720 1
720 654 1
654 720 1
721 722 1
722 721 1
721 475 1
475 721 1
722 17 1
17 722 1
722 121 1
121 722 1
722 200 1
200 722 1
722 415 1
415 722 1
722 430 1
430 722 1
722 499 1
499 722 1
722 638 1
638 722 1
722 640 1
640 722 1
723 724 1
724 723 1
723 211 1
211 723 1
723 424 1
424 723 1
723 432 1
432 723 1
723 446 1
446 723 1
723 541 1
541 723 1
723 598 1
598 723 1
723 603 1
603 723 1
724 67 1
67 724 1
724 196 1
196 724 1
724 262 1
262 724 1
724 385 1
385 724 1
724 497 1
497 724 1
724 586 1
586 724 1
724 646 1
646 724 1
725 726 1
726 725 1
725 210 1
210 725 1
725 279 1
279 725 1
725 337 1
337 725 1
725 536 1
536 725 1
726 51 1
51 726 1
726 143 1
143 726 1
726 158 1
158 726 1
726 175 1
175 726 1
726 205 1
205 726 1
726 328 1
328 726 1
726 369 1
369 726 1
726 427 1
427 726 1
726 465 1
465 726 1
726 523 1
523 726 1
726 562 1
562 726 1
727 728 1
728 727 1
727 63 1
63 727 1
727 208 1
208 727 1
727 266 1
266 727 1
727 626 1
626 727 1
728 70 1
70 728 1
728 95 1
95 728 1
728 417 1
417 728 1
728 459 1
459 728 1
728 593 1
593 728 1
729 730 1
730 729 1
729 98 1
98 729 1
729 133 1
133 729 1
729 195 1
195 729 1
729 222 1
222 729 1
729 293 1
293 729 1
729 461 1
461 729 1
730 86 1
86 730 1
730 106 1
106 730 1
730 131 1
131 730 1
730 164 1
164 730 1
730 229 1
229 730 1
730 381 1
381 730 1
730 441 1
441 730 1
730 533 1
533 730 1
730 648 1
648 730 1
731 732 1
732 731 1
731 212 1
212 731 1
731 390 1
390 731 1
732 287 1
287 732 1
732 323 1
323 732 1
732 362 1
362 732 1
732 438 1
438 732 1
732 528 1
528 732 1
732 563 1
563 732 1
732 580 1
580 732 1
733 734 1
734 733 1
733 34 1
34 733 1
733 80 1
80 733 1
733 162 1
162 733 1
733 225 1
225 733 1
733 313 1
313 733 1
733 384 1
384 733 1
733 433 1
433 733 1
734 45 1
45 734 1
734 141 1
141 734 1
734 324 1
324 734 1
734 341 1
341 734 1
734 388 1
388 734 1
734 578 1
578 734 1
734 606 1
606 734 1
735 736 1
736 735 1
735 201 1
201 735 1
735 231 1
231 735 1
735 547 1
547 735 1
735 623 1
623 735 1
736 359 1
359 736 1
736 389 1
389 736 1
736 436 1
436 736 1
736 478 1
478 736 1
737 738 1
738 737 1
737 1 1
1 737 1
737 60 1
60 737 1
737 215 1
215 737 1
737 240 1
240 737 1
737 305 1
305 737 1
737 386 1
386 737 1
737 559 1
559 737 1
737 600 1
600 737 1
738 4 1
4 738 1
738 56 1
56 738 1
738 198 1
198 738 1
738 228 1
228 738 1
738 582 1
582 738 1
739 740 1
740 739 1
739 572 1
572 739 1
740 23 1
23 740 1
740 82 1
82 740 1
740 93 1
93 740 1
740 611 1
611 740 1
741 742 1
742 741 1
741 25 1
25 741 1
741 36 1
36 741 1
741 99 1
99 741 1
741 247 1
247 741 1
741 290 1
290 741 1
741 355 1
355 741 1
741 398 1
398 741 1
741 532 1
532 741 1
742 299 1
299 742 1
742 460 1
460 742 1
742 467 1
467 742 1
742 501 1
501 742 1
742 519 1
519 742 1
743 744 1
744 743 1
743 37 1
37 743 1
743 223 1
223 743 1
743 282 1
282 743 1
743 284 1
284 743 1
743 502 1
502 743 1
744 41 1
41 744 1
744 180 1
180 744 1
744 295 1
295 744 1
744 560 1
560 744 1
744 595 1
595 744 1
745 746 1
746 745 1
745 10 1
10 745 1
745 161 1
161 745 1
745 192 1
192 745 1
745 504 1
504 745 1
746 57 1
57 746 1
746 102 1
102 746 1
746 136 1
136 746 1
746 244 1
244 746 1
746 280 1
280 746 1
746 326 1
326 746 1
746 350 1
350 746 1
746 423 1
423 746 1
746 540 1
540 746 1
746 579 1
579 746 1
746 619 1
619 746 1
747 748 1
748 747 1
747 117 1
117 747 1
747 289 1
289 747 1
747 447 1
447 747 1
747 574 1
574 747 1
747 629 1
629 747 1
748 94 1
94 748 1
748 112 1
112 748 1
748 142 1
142 748 1
748 181 1
181 748 1
748 186 1
186 748 1
748 252 1
252 748 1
748 613 1
613 748 1
749 750 1
750 749 1
749 177 1
177 749 1
749 304 1
304 749 1
749 319 1
319 749 1
749 358 1
358 749 1
749 399 1
399 749 1
749 485 1
485 749 1
749 570 1
570 749 1
749 639 1
639 749 1
750 29 1
29 750 1
750 116 1
116 750 1
750 122 1
122 750 1
750 343 1
343 750 1
750 368 1
368 750 1
750 375 1
375 750 1
750 444 1
444 750 1
751 752 1
752 751 1
751 44 1
44 751 1
751 159 1
159 751 1
751 168 1
168 751 1
751 176 1
176 751 1
751 227 1
227 751 1
751 246 1
246 751 1
751 268 1
268 751 1
751 338 1
338 751 1
751 363 1
363 751 1
751 394 1
394 751 1
751 440 1
440 751 1
751 577 1
577 751 1
751 605 1
605 751 1
751 645 1
645 751 1
752 115 1
115 752 1
752 296 1
296 752 1
752 298 1
298 752 1
752 401 1
401 752 1
752 468 1
468 752 1
752 486 1
486 752 1
752 494 1
494 752 1
752 524 1
524 752 1
752 616 1
616 752 1
753 754 1
754 753 1
753 76 1
76 753 1
753 97 1
97 753 1
753 216 1
216 753 1
753 346 1
346 753 1
753 557 1
557 753 1
754 128 1
128 754 1
754 190 1
190 754 1
754 206 1
206 754 1
754 327 1
327 754 1
754 471 1
471 754 1
754 476 1
476 754 1
754 479 1
479 754 1
754 521 1
521 754 1
754 561 1
561 754 1
754 620 1
620 754 1
$

Mappings:
1 --> x42
2 --> x27
3 --> -x30
4 --> -x42
5 --> -x19
6 --> -x4
7 --> -x21
8 --> -x27
9 --> x30
10 --> x46
11 --> x24
12 --> -x11
13 --> x12
14 --> -x17
15 --> x15
16 --> -x15
17 --> -x34
18 --> -x29
19 --> -x22
20 --> x29
21 --> -x13
22 --> -x9
23 --> -x43
24 --> x19
25 --> x44
26 --> -x22
27 --> -x27
28 --> x1
29 --> -x48
30 --> -x4
31 --> -x18
32 --> x13
33 --> x29
34 --> x40
35 --> x29
36 --> x44
37 --> x45
38 --> x13
39 --> -x9
40 --> -x16
41 --> -x45
42 --> -x7
43 --> -x30
44 --> x49
45 --> -x40
46 --> x29
47 --> -x31
48 --> x1
49 --> x23
50 --> x17
51 --> -x36
52 --> -x33
53 --> -x14
54 --> x2
55 --> -x27
56 --> -x42
57 --> -x46
58 --> x26
59 --> -x14
60 --> x42
61 --> x3
62 --> -x27
63 --> x37
64 --> -x11
65 --> x6
66 --> -x30
67 --> -x35
68 --> -x6
69 --> -x12
70 --> -x37
71 --> x24
72 --> x29
73 --> -x27
74 --> x32
75 --> x18
76 --> x50
77 --> -x1
78 --> x10
79 --> x13
80 --> x40
81 --> x3
82 --> -x43
83 --> x18
84 --> -x12
85 --> -x15
86 --> -x38
87 --> -x28
88 --> -x24
89 --> x26
90 --> -x18
91 --> x15
92 --> x21
93 --> -x43
94 --> -x47
95 --> -x37
96 --> -x15
97 --> x50
98 --> x38
99 --> x44
100 --> -x11
101 --> -x31
102 --> -x46
103 --> -x29
104 --> -x2
105 --> -x15
106 --> -x38
107 --> -x7
108 --> -x8
109 --> x6
110 --> -x27
111 --> x18
112 --> -x47
113 --> -x26
114 --> x1
115 --> -x49
116 --> -x48
117 --> x47
118 --> -x33
119 --> x14
120 --> x26
121 --> -x34
122 --> -x48
123 --> x25
124 --> -x22
125 --> x33
126 --> x32
127 --> x1
128 --> -x50
129 --> x33
130 --> x17
131 --> -x38
132 --> x16
133 --> x38
134 --> x15
135 --> -x13
136 --> -x46
137 --> x23
138 --> x5
139 --> -x8
140 --> -x33
141 --> -x40
142 --> -x47
143 --> -x36
144 --> -x29
145 --> -x14
146 --> x13
147 --> x27
148 --> x9
149 --> x29
150 --> x27
151 --> x16
152 --> -x26
153 --> x12
154 --> -x10
155 --> x9
156 --> x5
157 --> x30
158 --> -x36
159 --> x49
160 --> x18
161 --> x46
162 --> x40
163 --> -x22
164 --> -x38
165 --> -x31
166 --> x8
167 --> -x17
168 --> x49
169 --> x19
170 --> -x2
171 --> -x29
172 --> x25
173 --> -x26
174 --> x21
175 --> -x36
176 --> x49
177 --> x48
178 --> x29
179 --> x32
180 --> -x45
181 --> -x47
182 --> -x31
183 --> -x3
184 --> -x14
185 --> -x9
186 --> -x47
187 --> -x28
188 --> -x7
189 --> -x18
190 --> -x50
191 --> -x16
192 --> x46
193 --> -x5
194 --> -x20
195 --> x38
196 --> -x35
197 --> x25
198 --> -x42
199 --> -x33
200 --> -x34
201 --> x41
202 --> -x21
203 --> -x3
204 --> x30
205 --> -x36
206 --> -x50
207 --> x26
208 --> x37
209 --> -x1
210 --> x36
211 --> x35
212 --> x39
213 --> x27
214 --> -x4
215 --> x42
216 --> x50
217 --> -x4
218 --> x20
219 --> x2
220 --> x28
221 --> x18
222 --> x38
223 --> x45
224 --> x15
225 --> x40
226 --> -x4
227 --> x49
228 --> -x42
229 --> -x38
230 --> x24
231 --> x41
232 --> x10
233 --> x11
234 --> -x27
235 --> x23
236 --> -x30
237 --> -x13
238 --> x14
239 --> x32
240 --> x42
241 --> -x6
242 --> -x4
243 --> x5
244 --> -x46
245 --> x22
246 --> x49
247 --> x44
248 --> -x18
249 --> x16
250 --> -x15
251 --> x2
252 --> -x47
253 --> -x4
254 --> -x24
255 --> x16
256 --> x2
257 --> -x31
258 --> x21
259 --> -x31
260 --> x24
261 --> -x26
262 --> -x35
263 --> x4
264 --> -x2
265 --> x18
266 --> x37
267 --> -x32
268 --> x49
269 --> x18
270 --> -x16
271 --> x31
272 --> x16
273 --> -x23
274 --> -x5
275 --> -x3
276 --> -x23
277 --> x14
278 --> x16
279 --> x36
280 --> -x46
281 --> -x33
282 --> x45
283 --> -x19
284 --> x45
285 --> -x27
286 --> -x26
287 --> -x39
288 --> -x6
289 --> x47
290 --> x44
291 --> x29
292 --> -x2
293 --> x38
294 --> -x26
295 --> -x45
296 --> -x49
297 --> x23
298 --> -x49
299 --> -x44
300 --> x13
301 --> x16
302 --> x4
303 --> -x9
304 --> x48
305 --> x42
306 --> -x26
307 --> x19
308 --> x3
309 --> x12
310 --> -x1
311 --> -x4
312 --> -x24
313 --> x40
314 --> x23
315 --> x4
316 --> x30
317 --> x4
318 --> -x33
319 --> x48
320 --> x3
321 --> -x22
322 --> x9
323 --> -x39
324 --> -x40
325 --> -x21
326 --> -x46
327 --> -x50
328 --> -x36
329 --> -x26
330 --> x1
331 --> -x14
332 --> x20
333 --> x6
334 --> -x27
335 --> -x17
336 --> -x13
337 --> x36
338 --> x49
339 --> x20
340 --> x21
341 --> -x40
342 --> -x10
343 --> -x48
344 --> x20
345 --> x21
346 --> x50
347 --> x23
348 --> -x30
349 --> -x16
350 --> -x46
351 --> x17
352 --> -x10
353 --> x30
354 --> x5
355 --> x44
356 --> -x25
357 --> -x13
358 --> x48
359 --> -x41
360 --> -x17
361 --> x28
362 --> -x39
363 --> x49
364 --> x7
365 --> -x10
366 --> x14
367 --> -x30
368 --> -x48
369 --> -x36
370 --> x8
371 --> x20
372 --> x14
373 --> -x17
374 --> -x20
375 --> -x48
376 --> x9
377 --> x15
378 --> x26
379 --> x25
380 --> x29
381 --> -x38
382 --> x31
383 --> x14
384 --> x40
385 --> -x35
386 --> x42
387 --> x32
388 --> -x40
389 --> -x41
390 --> x39
391 --> x1
392 --> -x7
393 --> x25
394 --> x49
395 --> x20
396 --> -x4
397 --> x28
398 --> x44
399 --> x48
400 --> x28
401 --> -x49
402 --> x11
403 --> -x11
404 --> x29
405 --> x10
406 --> -x2
407 --> x5
408 --> -x16
409 --> -x30
410 --> -x23
411 --> -x16
412 --> x17
413 --> -x15
414 --> -x24
415 --> -x34
416 --> x10
417 --> -x37
418 --> x12
419 --> -x29
420 --> x5
421 --> x30
422 --> -x14
423 --> -x46
424 --> x35
425 --> -x11
426 --> -x8
427 --> -x36
428 --> -x13
429 --> -x11
430 --> -x34
431 --> x5
432 --> x35
433 --> x40
434 --> -x2
435 --> x16
436 --> -x41
437 --> x8
438 --> -x39
439 --> -x28
440 --> x49
441 --> -x38
442 --> -x23
443 --> x2
444 --> -x48
445 --> x33
446 --> x35
447 --> x47
448 --> -x28
449 --> x2
450 --> -x21
451 --> x18
452 --> -x2
453 --> x7
454 --> x33
455 --> -x15
456 --> -x19
457 --> x5
458 --> x22
459 --> -x37
460 --> -x44
461 --> x38
462 --> -x23
463 --> -x10
464 --> -x33
465 --> -x36
466 --> -x29
467 --> -x44
468 --> -x49
469 --> x6
470 --> x32
471 --> -x50
472 --> -x9
473 --> x5
474 --> -x21
475 --> x34
476 --> -x50
477 --> x14
478 --> -x41
479 --> -x50
480 --> -x1
481 --> x24
482 --> -x8
483 --> x19
484 --> x7
485 --> x48
486 --> -x49
487 --> x5
488 --> -x30
489 --> x4
490 --> x1
491 --> -x9
492 --> -x14
493 --> -x6
494 --> -x49
495 --> x33
496 --> -x5
497 --> -x35
498 --> -x27
499 --> -x34
500 --> -x25
501 --> -x44
502 --> x45
503 --> x26
504 --> x46
505 --> -x20
506 --> x10
507 --> x13
508 --> -x16
509 --> x31
510 --> -x10
511 --> -x6
512 --> -x18
513 --> -x22
514 --> x27
515 --> x28
516 --> x23
517 --> x12
518 --> -x11
519 --> -x44
520 --> x12
521 --> -x50
522 --> -x5
523 --> -x36
524 --> -x49
525 --> x10
526 --> x33
527 --> -x3
528 --> -x39
529 --> -x3
530 --> -x12
531 --> -x10
532 --> x44
533 --> -x38
534 --> x1
535 --> x17
536 --> x36
537 --> -x1
538 --> -x25
539 --> x18
540 --> -x46
541 --> x35
542 --> x5
543 --> -x32
544 --> x27
545 --> -x33
546 --> x26
547 --> x41
548 --> -x13
549 --> -x20
550 --> -x26
551 --> -x31
552 --> -x18
553 --> x25
554 --> x20
555 --> x7
556 --> -x17
557 --> x50
558 --> x11
559 --> x42
560 --> -x45
561 --> -x50
562 --> -x36
563 --> -x39
564 --> -x5
565 --> -x23
566 --> x13
567 --> -x3
568 --> -x22
569 --> -x28
570 --> x48
571 --> x7
572 --> x43
573 --> -x15
574 --> x47
575 --> x4
576 --> x32
577 --> x49
578 --> -x40
579 --> -x46
580 --> -x39
581 --> x9
582 --> -x42
583 --> -x33
584 --> x28
585 --> x26
586 --> -x35
587 --> -x25
588 --> x11
589 --> x32
590 --> -x26
591 --> x24
592 --> x21
593 --> -x37
594 --> x15
595 --> -x45
596 --> x29
597 --> x9
598 --> x35
599 --> -x3
600 --> x42
601 --> -x29
602 --> x18
603 --> x35
604 --> -x10
605 --> x49
606 --> -x40
607 --> x9
608 --> -x33
609 --> x15
610 --> -x23
611 --> -x43
612 --> x33
613 --> -x47
614 --> x13
615 --> -x4
616 --> -x49
617 --> -x1
618 --> x5
619 --> -x46
620 --> -x50
621 --> -x21
622 --> -x13
623 --> x41
624 --> x16
625 --> x32
626 --> x37
627 --> -x7
628 --> x15
629 --> x47
630 --> x19
631 --> -x1
632 --> x20
633 --> -x9
634 --> x29
635 --> -x10
636 --> -x1
637 --> x26
638 --> -x34
639 --> x48
640 --> -x34
641 --> x33
642 --> x18
643 --> -x12
644 --> x16
645 --> x49
646 --> -x35
647 --> x19
648 --> -x38
649 --> x23
650 --> -x31
651 --> -x7
652 --> x6
653 --> x20
654 --> -x33
655 --> x1
656 --> -x1
657 --> x2
658 --> -x2
659 --> x3
660 --> -x3
661 --> x4
662 --> -x4
663 --> x5
664 --> -x5
665 --> x6
666 --> -x6
667 --> x7
668 --> -x7
669 --> x8
670 --> -x8
671 --> x9
672 --> -x9
673 --> x10
674 --> -x10
675 --> x11
676 --> -x11
677 --> x12
678 --> -x12
679 --> x13
680 --> -x13
681 --> x14
682 --> -x14
683 --> x15
684 --> -x15
685 --> x16
686 --> -x16
687 --> x17
688 --> -x17
689 --> x18
690 --> -x18
691 --> x19
692 --> -x19
693 --> x20
694 --> -x20
695 --> x21
696 --> -x21
697 --> x22
698 --> -x22
699 --> x23
700 --> -x23
701 --> x24
702 --> -x24
703 --> x25
704 --> -x25
705 --> x26
706 --> -x26
707 --> x27
708 --> -x27
709 --> x28
710 --> -x28
711 --> x29
712 --> -x29
713 --> x30
714 --> -x30
715 --> x31
716 --> -x31
717 --> x32
718 --> -x32
719 --> x33
720 --> -x33
721 --> x34
722 --> -x34
723 --> x35
724 --> -x35
725 --> x36
726 --> -x36
727 --> x37
728 --> -x37
729 --> x38
730 --> -x38
731 --> x39
732 --> -x39
733 --> x40
734 --> -x40
735 --> x41
736 --> -x41
737 --> x42
738 --> -x42
739 --> x43
740 --> -x43
741 --> x44
742 --> -x44
743 --> x45
744 --> -x45
745 --> x46
746 --> -x46
747 --> x47
748 --> -x47
749 --> x48
750 --> -x48
751 --> x49
752 --> -x49
753 --> x50
754 --> -x50

