654
1 2 1
2 1 1
2 3 1
3 2 1
3 1 1
1 3 1
4 5 1
5 4 1
5 6 1
6 5 1
6 4 1
4 6 1
7 8 1
8 7 1
8 9 1
9 8 1
9 7 1
7 9 1
10 11 1
11 10 1
11 12 1
12 11 1
12 10 1
10 12 1
13 14 1
14 13 1
14 15 1
15 14 1
15 13 1
13 15 1
16 17 1
17 16 1
17 18 1
18 17 1
18 16 1
16 18 1
19 20 1
20 19 1
20 21 1
21 20 1
21 19 1
19 21 1
22 23 1
23 22 1
23 24 1
24 23 1
24 22 1
22 24 1
25 26 1
26 25 1
26 27 1
27 26 1
27 25 1
25 27 1
28 29 1
29 28 1
29 30 1
30 29 1
30 28 1
28 30 1
31 32 1
32 31 1
32 33 1
33 32 1
33 31 1
31 33 1
34 35 1
35 34 1
35 36 1
36 35 1
36 34 1
34 36 1
37 38 1
38 37 1
38 39 1
39 38 1
39 37 1
37 39 1
40 41 1
41 40 1
41 42 1
42 41 1
42 40 1
40 42 1
43 44 1
44 43 1
44 45 1
45 44 1
45 43 1
43 45 1
46 47 1
47 46 1
47 48 1
48 47 1
48 46 1
46 48 1
49 50 1
50 49 1
50 51 1
51 50 1
51 49 1
49 51 1
52 53 1
53 52 1
53 54 1
54 53 1
54 52 1
52 54 1
55 56 1
56 55 1
56 57 1
57 56 1
57 55 1
55 57 1
58 59 1
59 58 1
59 60 1
60 59 1
60 58 1
58 60 1
61 62 1
62 61 1
62 63 1
63 62 1
63 61 1
61 63 1
64 65 1
65 64 1
65 66 1
66 65 1
66 64 1
64 66 1
67 68 1
68 67 1
68 69 1
69 68 1
69 67 1
67 69 1
70 71 1
71 70 1
71 72 1
72 71 1
72 70 1
70 72 1
73 74 1
74 73 1
74 75 1
75 74 1
75 73 1
73 75 1
76 77 1
77 76 1
77 78 1
78 77 1
78 76 1
76 78 1
79 80 1
80 79 1
80 81 1
81 80 1
81 79 1
79 81 1
82 83 1
83 82 1
83 84 1
84 83 1
84 82 1
82 84 1
85 86 1
86 85 1
86 87 1
87 86 1
87 85 1
85 87 1
88 89 1
89 88 1
89 90 1
90 89 1
90 88 1
88 90 1
91 92 1
92 91 1
92 93 1
93 92 1
93 91 1
91 93 1
94 95 1
95 94 1
95 96 1
96 95 1
96 94 1
94 96 1
97 98 1
98 97 1
98 99 1
99 98 1
99 97 1
97 99 1
100 101 1
101 100 1
101 102 1
102 101 1
102 100 1
100 102 1
103 104 1
104 103 1
104 105 1
105 104 1
105 103 1
103 105 1
106 107 1
107 106 1
107 108 1
108 107 1
108 106 1
106 108 1
109 110 1
110 109 1
110 111 1
111 110 1
111 109 1
109 111 1
112 113 1
113 112 1
113 114 1
114 113 1
114 112 1
112 114 1
115 116 1
116 115 1
116 117 1
117 116 1
117 115 1
115 117 1
118 119 1
119 118 1
119 120 1
120 119 1
120 118 1
118 120 1
121 122 1
122 121 1
122 123 1
123 122 1
123 121 1
121 123 1
124 125 1
125 124 1
125 126 1
126 125 1
126 124 1
124 126 1
127 128 1
128 127 1
128 129 1
129 128 1
129 127 1
127 129 1
130 131 1
131 130 1
131 132 1
132 131 1
132 130 1
130 132 1
133 134 1
134 133 1
134 135 1
135 134 1
135 133 1
133 135 1
136 137 1
137 136 1
137 138 1
138 137 1
138 136 1
136 138 1
139 140 1
140 139 1
140 141 1
141 140 1
141 139 1
139 141 1
142 143 1
143 142 1
143 144 1
144 143 1
144 142 1
142 144 1
145 146 1
146 145 1
146 147 1
147 146 1
147 145 1
145 147 1
148 149 1
149 148 1
149 150 1
150 149 1
150 148 1
148 150 1
151 152 1
152 151 1
152 153 1
153 152 1
153 151 1
151 153 1
154 155 1
155 154 1
155 156 1
156 155 1
156 154 1
154 156 1
157 158 1
158 157 1
158 159 1
159 158 1
159 157 1
157 159 1
160 161 1
161 160 1
161 162 1
162 161 1
162 160 1
160 162 1
163 164 1
164 163 1
164 165 1
165 164 1
165 163 1
163 165 1
166 167 1
167 166 1
167 168 1
168 167 1
168 166 1
166 168 1
169 170 1
170 169 1
170 171 1
171 170 1
171 169 1
169 171 1
172 173 1
173 172 1
173 174 1
174 173 1
174 172 1
172 174 1
175 176 1
176 175 1
176 177 1
177 176 1
177 175 1
175 177 1
178 179 1
179 178 1
179 180 1
180 179 1
180 178 1
178 180 1
181 182 1
182 181 1
182 183 1
183 182 1
183 181 1
181 183 1
184 185 1
185 184 1
185 186 1
186 185 1
186 184 1
184 186 1
187 188 1
188 187 1
188 189 1
189 188 1
189 187 1
187 189 1
190 191 1
191 190 1
191 192 1
192 191 1
192 190 1
190 192 1
193 194 1
194 193 1
194 195 1
195 194 1
195 193 1
193 195 1
196 197 1
197 196 1
197 198 1
198 197 1
198 196 1
196 198 1
199 200 1
200 199 1
200 201 1
201 200 1
201 199 1
199 201 1
202 203 1
203 202 1
203 204 1
204 203 1
204 202 1
202 204 1
205 206 1
206 205 1
206 207 1
207 206 1
207 205 1
205 207 1
208 209 1
209 208 1
209 210 1
210 209 1
210 208 1
208 210 1
211 212 1
212 211 1
212 213 1
213 212 1
213 211 1
211 213 1
214 215 1
215 214 1
215 216 1
216 215 1
216 214 1
214 216 1
217 218 1
218 217 1
218 219 1
219 218 1
219 217 1
217 219 1
220 221 1
221 220 1
221 222 1
222 221 1
222 220 1
220 222 1
223 224 1
224 223 1
224 225 1
225 224 1
225 223 1
223 225 1
226 227 1
227 226 1
227 228 1
228 227 1
228 226 1
226 228 1
229 230 1
230 229 1
230 231 1
231 230 1
231 229 1
229 231 1
232 233 1
233 232 1
233 234 1
234 233 1
234 232 1
232 234 1
235 236 1
236 235 1
236 237 1
237 236 1
237 235 1
235 237 1
238 239 1
239 238 1
239 240 1
240 239 1
240 238 1
238 240 1
241 242 1
242 241 1
242 243 1
243 242 1
243 241 1
241 243 1
244 245 1
245 244 1
245 246 1
246 245 1
246 244 1
244 246 1
247 248 1
248 247 1
248 249 1
249 248 1
249 247 1
247 249 1
250 251 1
251 250 1
251 252 1
252 251 1
252 250 1
250 252 1
253 254 1
254 253 1
254 255 1
255 254 1
255 253 1
253 255 1
256 257 1
257 256 1
257 258 1
258 257 1
258 256 1
256 258 1
259 260 1
260 259 1
260 261 1
261 260 1
261 259 1
259 261 1
262 263 1
263 262 1
263 264 1
264 263 1
264 262 1
262 264 1
265 266 1
266 265 1
266 267 1
267 266 1
267 265 1
265 267 1
268 269 1
269 268 1
269 270 1
270 269 1
270 268 1
268 270 1
271 272 1
272 271 1
272 273 1
273 272 1
273 271 1
271 273 1
274 275 1
275 274 1
275 276 1
276 275 1
276 274 1
274 276 1
277 278 1
278 277 1
278 279 1
279 278 1
279 277 1
277 279 1
280 281 1
281 280 1
281 282 1
282 281 1
282 280 1
280 282 1
283 284 1
284 283 1
284 285 1
285 284 1
285 283 1
283 285 1
286 287 1
287 286 1
287 288 1
288 287 1
288 286 1
286 288 1
289 290 1
290 289 1
290 291 1
291 290 1
291 289 1
289 291 1
292 293 1
293 292 1
293 294 1
294 293 1
294 292 1
292 294 1
295 296 1
296 295 1
296 297 1
297 296 1
297 295 1
295 297 1
298 299 1
299 298 1
299 300 1
300 299 1
300 298 1
298 300 1
301 302 1
302 301 1
302 303 1
303 302 1
303 301 1
301 303 1
304 305 1
305 304 1
305 306 1
306 305 1
306 304 1
304 306 1
307 308 1
308 307 1
308 309 1
309 308 1
309 307 1
307 309 1
310 311 1
311 310 1
311 312 1
312 311 1
312 310 1
310 312 1
313 314 1
314 313 1
314 315 1
315 314 1
315 313 1
313 315 1
316 317 1
317 316 1
317 318 1
318 317 1
318 316 1
316 318 1
319 320 1
320 319 1
320 321 1
321 320 1
321 319 1
319 321 1
322 323 1
323 322 1
323 324 1
324 323 1
324 322 1
322 324 1
325 326 1
326 325 1
326 327 1
327 326 1
327 325 1
325 327 1
328 329 1
329 328 1
329 330 1
330 329 1
330 328 1
328 330 1
331 332 1
332 331 1
332 333 1
333 332 1
333 331 1
331 333 1
334 335 1
335 334 1
335 336 1
336 335 1
336 334 1
334 336 1
337 338 1
338 337 1
338 339 1
339 338 1
339 337 1
337 339 1
340 341 1
341 340 1
341 342 1
342 341 1
342 340 1
340 342 1
343 344 1
344 343 1
344 345 1
345 344 1
345 343 1
343 345 1
346 347 1
347 346 1
347 348 1
348 347 1
348 346 1
346 348 1
349 350 1
350 349 1
350 351 1
351 350 1
351 349 1
349 351 1
352 353 1
353 352 1
353 354 1
354 353 1
354 352 1
352 354 1
355 356 1
356 355 1
356 357 1
357 356 1
357 355 1
355 357 1
358 359 1
359 358 1
359 360 1
360 359 1
360 358 1
358 360 1
361 362 1
362 361 1
362 363 1
363 362 1
363 361 1
361 363 1
364 365 1
365 364 1
365 366 1
366 365 1
366 364 1
364 366 1
367 368 1
368 367 1
368 369 1
369 368 1
369 367 1
367 369 1
370 371 1
371 370 1
371 372 1
372 371 1
372 370 1
370 372 1
373 374 1
374 373 1
374 375 1
375 374 1
375 373 1
373 375 1
376 377 1
377 376 1
377 378 1
378 377 1
378 376 1
376 378 1
379 380 1
380 379 1
380 381 1
381 380 1
381 379 1
379 381 1
382 383 1
383 382 1
383 384 1
384 383 1
384 382 1
382 384 1
385 386 1
386 385 1
386 387 1
387 386 1
387 385 1
385 387 1
388 389 1
389 388 1
389 390 1
390 389 1
390 388 1
388 390 1
391 392 1
392 391 1
392 393 1
393 392 1
393 391 1
391 393 1
394 395 1
395 394 1
395 396 1
396 395 1
396 394 1
394 396 1
397 398 1
398 397 1
398 399 1
399 398 1
399 397 1
397 399 1
400 401 1
401 400 1
401 402 1
402 401 1
402 400 1
400 402 1
403 404 1
404 403 1
404 405 1
405 404 1
405 403 1
403 405 1
406 407 1
407 406 1
407 408 1
408 407 1
408 406 1
406 408 1
409 410 1
410 409 1
410 411 1
411 410 1
411 409 1
409 411 1
412 413 1
413 412 1
413 414 1
414 413 1
414 412 1
412 414 1
415 416 1
416 415 1
416 417 1
417 416 1
417 415 1
415 417 1
418 419 1
419 418 1
419 420 1
420 419 1
420 418 1
418 420 1
421 422 1
422 421 1
422 423 1
423 422 1
423 421 1
421 423 1
424 425 1
425 424 1
425 426 1
426 425 1
426 424 1
424 426 1
427 428 1
428 427 1
428 429 1
429 428 1
429 427 1
427 429 1
430 431 1
431 430 1
431 432 1
432 431 1
432 430 1
430 432 1
433 434 1
434 433 1
434 435 1
435 434 1
435 433 1
433 435 1
436 437 1
437 436 1
437 438 1
438 437 1
438 436 1
436 438 1
439 440 1
440 439 1
440 441 1
441 440 1
441 439 1
439 441 1
442 443 1
443 442 1
443 444 1
444 443 1
444 442 1
442 444 1
445 446 1
446 445 1
446 447 1
447 446 1
447 445 1
445 447 1
448 449 1
449 448 1
449 450 1
450 449 1
450 448 1
448 450 1
451 452 1
452 451 1
452 453 1
453 452 1
453 451 1
451 453 1
454 455 1
455 454 1
455 456 1
456 455 1
456 454 1
454 456 1
457 458 1
458 457 1
458 459 1
459 458 1
459 457 1
457 459 1
460 461 1
461 460 1
461 462 1
462 461 1
462 460 1
460 462 1
463 464 1
464 463 1
464 465 1
465 464 1
465 463 1
463 465 1
466 467 1
467 466 1
467 468 1
468 467 1
468 466 1
466 468 1
469 470 1
470 469 1
470 471 1
471 470 1
471 469 1
469 471 1
472 473 1
473 472 1
473 474 1
474 473 1
474 472 1
472 474 1
475 476 1
476 475 1
476 477 1
477 476 1
477 475 1
475 477 1
478 479 1
479 478 1
479 480 1
480 479 1
480 478 1
478 480 1
481 482 1
482 481 1
482 483 1
483 482 1
483 481 1
481 483 1
484 485 1
485 484 1
485 486 1
486 485 1
486 484 1
484 486 1
487 488 1
488 487 1
488 489 1
489 488 1
489 487 1
487 489 1
490 491 1
491 490 1
491 492 1
492 491 1
492 490 1
490 492 1
493 494 1
494 493 1
494 495 1
495 494 1
495 493 1
493 495 1
496 497 1
497 496 1
497 498 1
498 497 1
498 496 1
496 498 1
499 500 1
500 499 1
500 501 1
501 500 1
501 499 1
499 501 1
502 503 1
503 502 1
503 504 1
504 503 1
504 502 1
502 504 1
505 506 1
506 505 1
506 507 1
507 506 1
507 505 1
505 507 1
508 509 1
509 508 1
509 510 1
510 509 1
510 508 1
508 510 1
511 512 1
512 511 1
512 513 1
513 512 1
513 511 1
511 513 1
514 515 1
515 514 1
515 516 1
516 515 1
516 514 1
514 516 1
517 518 1
518 517 1
518 519 1
519 518 1
519 517 1
517 519 1
520 521 1
521 520 1
521 522 1
522 521 1
522 520 1
520 522 1
523 524 1
524 523 1
524 525 1
525 524 1
525 523 1
523 525 1
526 527 1
527 526 1
527 528 1
528 527 1
528 526 1
526 528 1
529 530 1
530 529 1
530 531 1
531 530 1
531 529 1
529 531 1
532 533 1
533 532 1
533 534 1
534 533 1
534 532 1
532 534 1
535 536 1
536 535 1
536 537 1
537 536 1
537 535 1
535 537 1
538 539 1
539 538 1
539 540 1
540 539 1
540 538 1
538 540 1
541 542 1
542 541 1
542 543 1
543 542 1
543 541 1
541 543 1
544 545 1
545 544 1
545 546 1
546 545 1
546 544 1
544 546 1
547 548 1
548 547 1
548 549 1
549 548 1
549 547 1
547 549 1
550 551 1
551 550 1
551 552 1
552 551 1
552 550 1
550 552 1
553 554 1
554 553 1
554 555 1
555 554 1
555 553 1
553 555 1
556 557 1
557 556 1
557 558 1
558 557 1
558 556 1
556 558 1
559 560 1
560 559 1
560 561 1
561 560 1
561 559 1
559 561 1
562 563 1
563 562 1
563 564 1
564 563 1
564 562 1
562 564 1
565 566 1
566 565 1
566 567 1
567 566 1
567 565 1
565 567 1
568 569 1
569 568 1
569 570 1
570 569 1
570 568 1
568 570 1
571 572 1
572 571 1
572 573 1
573 572 1
573 571 1
571 573 1
574 575 1
575 574 1
575 576 1
576 575 1
576 574 1
574 576 1
577 578 1
578 577 1
578 579 1
579 578 1
579 577 1
577 579 1
580 581 1
581 580 1
581 582 1
582 581 1
582 580 1
580 582 1
583 584 1
584 583 1
584 585 1
585 584 1
585 583 1
583 585 1
586 587 1
587 586 1
587 588 1
588 587 1
588 586 1
586 588 1
589 590 1
590 589 1
590 591 1
591 590 1
591 589 1
589 591 1
592 593 1
593 592 1
593 594 1
594 593 1
594 592 1
592 594 1
595 596 1
596 595 1
596 597 1
597 596 1
597 595 1
595 597 1
598 599 1
599 598 1
599 600 1
600 599 1
600 598 1
598 600 1
601 602 1
602 601 1
602 603 1
603 602 1
603 601 1
601 603 1
604 605 1
605 604 1
605 606 1
606 605 1
606 604 1
604 606 1
607 608 1
608 607 1
608 609 1
609 608 1
609 607 1
607 609 1
610 611 1
611 610 1
611 612 1
612 611 1
612 610 1
610 612 1
613 614 1
614 613 1
614 615 1
615 614 1
615 613 1
613 615 1
616 617 1
617 616 1
617 618 1
618 617 1
618 616 1
616 618 1
619 620 1
620 619 1
620 621 1
621 620 1
621 619 1
619 621 1
622 623 1
623 622 1
623 624 1
624 623 1
624 622 1
622 624 1
625 626 1
626 625 1
626 627 1
627 626 1
627 625 1
625 627 1
628 629 1
629 628 1
629 630 1
630 629 1
630 628 1
628 630 1
631 632 1
632 631 1
632 633 1
633 632 1
633 631 1
631 633 1
634 635 1
635 634 1
635 636 1
636 635 1
636 634 1
634 636 1
637 638 1
638 637 1
638 639 1
639 638 1
639 637 1
637 639 1
640 641 1
641 640 1
641 642 1
642 641 1
642 640 1
640 642 1
643 644 1
644 643 1
644 645 1
645 644 1
645 643 1
643 645 1
646 647 1
647 646 1
647 648 1
648 647 1
648 646 1
646 648 1
649 650 1
650 649 1
650 651 1
651 650 1
651 649 1
649 651 1
652 653 1
653 652 1
653 654 1
654 653 1
654 652 1
652 654 1
1 4 1
1 56 1
1 198 1
1 228 1
1 582 1
2 8 1
2 27 1
2 55 1
2 62 1
2 73 1
2 110 1
2 234 1
2 285 1
2 334 1
2 498 1
3 9 1
3 157 1
3 204 1
3 316 1
3 353 1
3 421 1
4 1 1
4 60 1
4 215 1
4 240 1
4 305 1
4 386 1
4 559 1
4 600 1
5 24 1
5 169 1
5 307 1
5 483 1
5 630 1
5 647 1
6 263 1
6 302 1
6 315 1
6 317 1
6 489 1
6 575 1
7 92 1
7 174 1
7 258 1
7 340 1
7 345 1
7 592 1
8 2 1
8 147 1
8 150 1
8 213 1
8 514 1
8 544 1
9 3 1
9 43 1
9 66 1
9 236 1
9 348 1
9 367 1
9 409 1
9 488 1
10 57 1
10 102 1
10 136 1
10 244 1
10 280 1
10 326 1
10 350 1
10 423 1
10 540 1
10 579 1
10 619 1
11 88 1
11 254 1
11 312 1
11 414 1
12 233 1
12 402 1
12 558 1
12 588 1
13 69 1
13 84 1
13 530 1
13 643 1
14 50 1
14 130 1
14 351 1
14 412 1
14 535 1
15 16 1
15 85 1
15 96 1
15 105 1
15 250 1
15 413 1
15 455 1
15 573 1
16 15 1
16 91 1
16 134 1
16 224 1
16 377 1
16 594 1
16 609 1
16 628 1
17 475 1
18 20 1
18 33 1
18 35 1
18 46 1
18 72 1
18 149 1
18 178 1
18 291 1
18 380 1
18 404 1
18 596 1
18 634 1
19 245 1
19 458 1
20 18 1
20 103 1
20 144 1
20 171 1
20 419 1
20 466 1
20 601 1
21 32 1
21 38 1
21 79 1
21 146 1
21 300 1
21 507 1
21 566 1
21 614 1
22 148 1
22 155 1
22 322 1
22 376 1
22 581 1
22 597 1
22 607 1
23 572 1
24 5 1
24 283 1
24 456 1
25 299 1
25 460 1
25 467 1
25 501 1
25 519 1
26 245 1
26 458 1
27 2 1
27 147 1
27 150 1
27 213 1
27 514 1
27 544 1
28 77 1
28 209 1
28 310 1
28 480 1
28 537 1
28 617 1
28 631 1
28 636 1
29 177 1
29 304 1
29 319 1
29 358 1
29 399 1
29 485 1
29 570 1
29 639 1
30 263 1
30 302 1
30 315 1
30 317 1
30 489 1
30 575 1
31 75 1
31 83 1
31 111 1
31 160 1
31 221 1
31 265 1
31 269 1
31 451 1
31 539 1
31 602 1
31 642 1
32 21 1
32 135 1
32 237 1
32 336 1
32 357 1
32 428 1
32 548 1
32 622 1
33 18 1
33 103 1
33 144 1
33 171 1
33 419 1
33 466 1
33 601 1
34 45 1
34 141 1
34 324 1
34 341 1
34 388 1
34 578 1
34 606 1
35 18 1
35 103 1
35 144 1
35 171 1
35 419 1
35 466 1
35 601 1
36 299 1
36 460 1
36 467 1
36 501 1
36 519 1
37 41 1
37 180 1
37 295 1
37 560 1
37 595 1
38 21 1
38 135 1
38 237 1
38 336 1
38 357 1
38 428 1
38 548 1
38 622 1
39 148 1
39 155 1
39 322 1
39 376 1
39 581 1
39 597 1
39 607 1
40 132 1
40 151 1
40 249 1
40 255 1
40 272 1
40 278 1
40 301 1
40 435 1
40 624 1
40 644 1
41 37 1
41 223 1
41 282 1
41 284 1
41 502 1
42 364 1
42 453 1
42 484 1
42 555 1
42 571 1
43 9 1
43 157 1
43 204 1
43 316 1
43 353 1
43 421 1
44 115 1
44 296 1
44 298 1
44 401 1
44 468 1
44 486 1
44 494 1
44 524 1
44 616 1
45 34 1
45 80 1
45 162 1
45 225 1
45 313 1
45 384 1
45 433 1
46 18 1
46 103 1
46 144 1
46 171 1
46 419 1
46 466 1
46 601 1
47 271 1
47 382 1
47 509 1
48 77 1
48 209 1
48 310 1
48 480 1
48 537 1
48 617 1
48 631 1
48 636 1
49 273 1
49 276 1
49 410 1
49 442 1
49 462 1
49 565 1
49 610 1
50 14 1
50 167 1
50 335 1
50 360 1
50 373 1
50 556 1
51 210 1
51 279 1
51 337 1
51 536 1
52 125 1
52 129 1
52 445 1
52 454 1
52 495 1
52 526 1
52 612 1
52 641 1
53 119 1
53 238 1
53 277 1
53 366 1
53 372 1
53 383 1
53 477 1
54 104 1
54 170 1
54 264 1
54 292 1
54 406 1
54 434 1
54 452 1
55 2 1
55 147 1
55 150 1
55 213 1
55 514 1
55 544 1
56 1 1
56 60 1
56 215 1
56 240 1
56 305 1
56 386 1
56 559 1
56 600 1
57 10 1
57 161 1
57 192 1
57 504 1
58 113 1
58 152 1
58 173 1
58 261 1
58 286 1
58 294 1
58 306 1
58 329 1
58 550 1
58 590 1
59 119 1
59 238 1
59 277 1
59 366 1
59 372 1
59 383 1
59 477 1
60 4 1
60 56 1
60 198 1
60 228 1
60 582 1
61 183 1
61 203 1
61 275 1
61 527 1
61 529 1
61 567 1
61 599 1
62 2 1
62 147 1
62 150 1
62 213 1
62 514 1
62 544 1
63 70 1
63 95 1
63 417 1
63 459 1
63 593 1
64 233 1
64 402 1
64 558 1
64 588 1
65 68 1
65 241 1
65 288 1
65 493 1
65 511 1
66 9 1
66 157 1
66 204 1
66 316 1
66 353 1
66 421 1
67 211 1
67 424 1
67 432 1
67 446 1
67 541 1
67 598 1
67 603 1
68 65 1
68 109 1
68 333 1
68 469 1
68 652 1
69 13 1
69 153 1
69 309 1
69 418 1
69 517 1
69 520 1
70 63 1
70 208 1
70 266 1
70 626 1
71 88 1
71 254 1
71 312 1
71 414 1
72 18 1
72 103 1
72 144 1
72 171 1
72 419 1
72 466 1
72 601 1
73 2 1
73 147 1
73 150 1
73 213 1
73 514 1
73 544 1
74 267 1
74 543 1
75 31 1
75 90 1
75 189 1
75 248 1
75 512 1
75 552 1
76 128 1
76 190 1
76 206 1
76 327 1
76 471 1
76 476 1
76 479 1
76 521 1
76 561 1
76 620 1
77 28 1
77 48 1
77 114 1
77 127 1
77 330 1
77 391 1
77 490 1
77 534 1
78 154 1
78 342 1
78 352 1
78 365 1
78 463 1
78 510 1
78 531 1
78 604 1
78 635 1
79 21 1
79 135 1
79 237 1
79 336 1
79 357 1
79 428 1
79 548 1
79 622 1
80 45 1
80 141 1
80 324 1
80 341 1
80 388 1
80 578 1
80 606 1
81 183 1
81 203 1
81 275 1
81 527 1
81 529 1
81 567 1
81 599 1
82 572 1
83 31 1
83 90 1
83 189 1
83 248 1
83 512 1
83 552 1
84 13 1
84 153 1
84 309 1
84 418 1
84 517 1
84 520 1
85 15 1
85 91 1
85 134 1
85 224 1
85 377 1
85 594 1
85 609 1
85 628 1
86 98 1
86 133 1
86 195 1
86 222 1
86 293 1
86 461 1
87 220 1
87 361 1
87 397 1
87 400 1
87 515 1
87 584 1
88 11 1
88 71 1
88 230 1
88 260 1
88 481 1
88 591 1
89 113 1
89 152 1
89 173 1
89 261 1
89 286 1
89 294 1
89 306 1
89 329 1
89 550 1
89 590 1
90 75 1
90 83 1
90 111 1
90 160 1
90 221 1
90 265 1
90 269 1
90 451 1
90 539 1
90 602 1
90 642 1
91 16 1
91 85 1
91 96 1
91 105 1
91 250 1
91 413 1
91 455 1
91 573 1
92 7 1
92 202 1
92 325 1
92 450 1
92 474 1
92 621 1
93 572 1
94 117 1
94 289 1
94 447 1
94 574 1
94 629 1
95 63 1
95 208 1
95 266 1
95 626 1
96 15 1
96 91 1
96 134 1
96 224 1
96 377 1
96 594 1
96 609 1
96 628 1
97 128 1
97 190 1
97 206 1
97 327 1
97 471 1
97 476 1
97 479 1
97 521 1
97 561 1
97 620 1
98 86 1
98 106 1
98 131 1
98 164 1
98 229 1
98 381 1
98 441 1
98 533 1
98 648 1
99 299 1
99 460 1
99 467 1
99 501 1
99 519 1
100 233 1
100 402 1
100 558 1
100 588 1
101 271 1
101 382 1
101 509 1
102 10 1
102 161 1
102 192 1
102 504 1
103 20 1
103 33 1
103 35 1
103 46 1
103 72 1
103 149 1
103 178 1
103 291 1
103 380 1
103 404 1
103 596 1
103 634 1
104 54 1
104 219 1
104 251 1
104 256 1
104 443 1
104 449 1
105 15 1
105 91 1
105 134 1
105 224 1
105 377 1
105 594 1
105 609 1
105 628 1
106 98 1
106 133 1
106 195 1
106 222 1
106 293 1
106 461 1
107 364 1
107 453 1
107 484 1
107 555 1
107 571 1
108 166 1
108 370 1
108 437 1
109 68 1
109 241 1
109 288 1
109 493 1
109 511 1
110 2 1
110 147 1
110 150 1
110 213 1
110 514 1
110 544 1
111 31 1
111 90 1
111 189 1
111 248 1
111 512 1
111 552 1
112 117 1
112 289 1
112 447 1
112 574 1
112 629 1
113 58 1
113 89 1
113 120 1
113 207 1
113 378 1
113 503 1
113 546 1
113 585 1
113 637 1
114 77 1
114 209 1
114 310 1
114 480 1
114 537 1
114 617 1
114 631 1
114 636 1
115 44 1
115 159 1
115 168 1
115 176 1
115 227 1
115 246 1
115 268 1
115 338 1
115 363 1
115 394 1
115 440 1
115 577 1
115 605 1
115 645 1
116 177 1
116 304 1
116 319 1
116 358 1
116 399 1
116 485 1
116 570 1
116 639 1
117 94 1
117 112 1
117 142 1
117 181 1
117 186 1
117 252 1
117 613 1
118 125 1
118 129 1
118 445 1
118 454 1
118 495 1
118 526 1
118 612 1
118 641 1
119 53 1
119 59 1
119 145 1
119 184 1
119 331 1
119 422 1
119 492 1
120 113 1
120 152 1
120 173 1
120 261 1
120 286 1
120 294 1
120 306 1
120 329 1
120 550 1
120 590 1
121 475 1
122 177 1
122 304 1
122 319 1
122 358 1
122 399 1
122 485 1
122 570 1
122 639 1
123 356 1
123 500 1
123 538 1
123 587 1
124 245 1
124 458 1
125 52 1
125 118 1
125 140 1
125 199 1
125 281 1
125 318 1
125 464 1
125 545 1
125 583 1
125 608 1
125 654 1
126 267 1
126 543 1
127 77 1
127 209 1
127 310 1
127 480 1
127 537 1
127 617 1
127 631 1
127 636 1
128 76 1
128 97 1
128 216 1
128 346 1
128 557 1
129 52 1
129 118 1
129 140 1
129 199 1
129 281 1
129 318 1
129 464 1
129 545 1
129 583 1
129 608 1
129 654 1
130 14 1
130 167 1
130 335 1
130 360 1
130 373 1
130 556 1
131 98 1
131 133 1
131 195 1
131 222 1
131 293 1
131 461 1
132 40 1
132 191 1
132 270 1
132 349 1
132 408 1
132 411 1
132 508 1
133 86 1
133 106 1
133 131 1
133 164 1
133 229 1
133 381 1
133 441 1
133 533 1
133 648 1
134 16 1
134 85 1
134 96 1
134 105 1
134 250 1
134 413 1
134 455 1
134 573 1
135 32 1
135 38 1
135 79 1
135 146 1
135 300 1
135 507 1
135 566 1
135 614 1
136 10 1
136 161 1
136 192 1
136 504 1
137 273 1
137 276 1
137 410 1
137 442 1
137 462 1
137 565 1
137 610 1
138 193 1
138 274 1
138 496 1
138 522 1
138 564 1
139 166 1
139 370 1
139 437 1
140 125 1
140 129 1
140 445 1
140 454 1
140 495 1
140 526 1
140 612 1
140 641 1
141 34 1
141 80 1
141 162 1
141 225 1
141 313 1
141 384 1
141 433 1
142 117 1
142 289 1
142 447 1
142 574 1
142 629 1
143 210 1
143 279 1
143 337 1
143 536 1
144 20 1
144 33 1
144 35 1
144 46 1
144 72 1
144 149 1
144 178 1
144 291 1
144 380 1
144 404 1
144 596 1
144 634 1
145 119 1
145 238 1
145 277 1
145 366 1
145 372 1
145 383 1
145 477 1
146 21 1
146 135 1
146 237 1
146 336 1
146 357 1
146 428 1
146 548 1
146 622 1
147 8 1
147 27 1
147 55 1
147 62 1
147 73 1
147 110 1
147 234 1
147 285 1
147 334 1
147 498 1
148 22 1
148 39 1
148 185 1
148 303 1
148 472 1
148 491 1
148 633 1
149 18 1
149 103 1
149 144 1
149 171 1
149 419 1
149 466 1
149 601 1
150 8 1
150 27 1
150 55 1
150 62 1
150 73 1
150 110 1
150 234 1
150 285 1
150 334 1
150 498 1
151 40 1
151 191 1
151 270 1
151 349 1
151 408 1
151 411 1
151 508 1
152 58 1
152 89 1
152 120 1
152 207 1
152 378 1
152 503 1
152 546 1
152 585 1
152 637 1
153 69 1
153 84 1
153 530 1
153 643 1
154 78 1
154 232 1
154 405 1
154 416 1
154 506 1
154 525 1
155 22 1
155 39 1
155 185 1
155 303 1
155 472 1
155 491 1
155 633 1
156 193 1
156 274 1
156 496 1
156 522 1
156 564 1
157 3 1
157 43 1
157 66 1
157 236 1
157 348 1
157 367 1
157 409 1
157 488 1
158 210 1
158 279 1
158 337 1
158 536 1
159 115 1
159 296 1
159 298 1
159 401 1
159 468 1
159 486 1
159 494 1
159 524 1
159 616 1
160 31 1
160 90 1
160 189 1
160 248 1
160 512 1
160 552 1
161 57 1
161 102 1
161 136 1
161 244 1
161 280 1
161 326 1
161 350 1
161 423 1
161 540 1
161 579 1
161 619 1
162 45 1
162 141 1
162 324 1
162 341 1
162 388 1
162 578 1
162 606 1
163 245 1
163 458 1
164 98 1
164 133 1
164 195 1
164 222 1
164 293 1
164 461 1
165 271 1
165 382 1
165 509 1
166 108 1
166 139 1
166 426 1
166 482 1
167 50 1
167 130 1
167 351 1
167 412 1
167 535 1
168 115 1
168 296 1
168 298 1
168 401 1
168 468 1
168 486 1
168 494 1
168 524 1
168 616 1
169 5 1
169 283 1
169 456 1
170 54 1
170 219 1
170 251 1
170 256 1
170 443 1
170 449 1
171 20 1
171 33 1
171 35 1
171 46 1
171 72 1
171 149 1
171 178 1
171 291 1
171 380 1
171 404 1
171 596 1
171 634 1
172 356 1
172 500 1
172 538 1
172 587 1
173 58 1
173 89 1
173 120 1
173 207 1
173 378 1
173 503 1
173 546 1
173 585 1
173 637 1
174 7 1
174 202 1
174 325 1
174 450 1
174 474 1
174 621 1
175 210 1
175 279 1
175 337 1
175 536 1
176 115 1
176 296 1
176 298 1
176 401 1
176 468 1
176 486 1
176 494 1
176 524 1
176 616 1
177 29 1
177 116 1
177 122 1
177 343 1
177 368 1
177 375 1
177 444 1
178 18 1
178 103 1
178 144 1
178 171 1
178 419 1
178 466 1
178 601 1
179 267 1
179 543 1
180 37 1
180 223 1
180 282 1
180 284 1
180 502 1
181 117 1
181 289 1
181 447 1
181 574 1
181 629 1
182 271 1
182 382 1
182 509 1
183 61 1
183 81 1
183 308 1
183 320 1
184 119 1
184 238 1
184 277 1
184 366 1
184 372 1
184 383 1
184 477 1
185 148 1
185 155 1
185 322 1
185 376 1
185 581 1
185 597 1
185 607 1
186 117 1
186 289 1
186 447 1
186 574 1
186 629 1
187 220 1
187 361 1
187 397 1
187 400 1
187 515 1
187 584 1
188 364 1
188 453 1
188 484 1
188 555 1
188 571 1
189 75 1
189 83 1
189 111 1
189 160 1
189 221 1
189 265 1
189 269 1
189 451 1
189 539 1
189 602 1
189 642 1
190 76 1
190 97 1
190 216 1
190 346 1
190 557 1
191 132 1
191 151 1
191 249 1
191 255 1
191 272 1
191 278 1
191 301 1
191 435 1
191 624 1
191 644 1
192 57 1
192 102 1
192 136 1
192 244 1
192 280 1
192 326 1
192 350 1
192 423 1
192 540 1
192 579 1
192 619 1
193 138 1
193 156 1
193 243 1
193 354 1
193 407 1
193 420 1
193 431 1
193 457 1
193 473 1
193 487 1
193 542 1
193 618 1
194 218 1
194 332 1
194 339 1
194 344 1
194 371 1
194 395 1
194 554 1
194 632 1
194 653 1
195 86 1
195 106 1
195 131 1
195 164 1
195 229 1
195 381 1
195 441 1
195 533 1
195 648 1
196 211 1
196 424 1
196 432 1
196 446 1
196 541 1
196 598 1
196 603 1
197 356 1
197 500 1
197 538 1
197 587 1
198 1 1
198 60 1
198 215 1
198 240 1
198 305 1
198 386 1
198 559 1
198 600 1
199 125 1
199 129 1
199 445 1
199 454 1
199 495 1
199 526 1
199 612 1
199 641 1
200 475 1
201 359 1
201 389 1
201 436 1
201 478 1
202 92 1
202 174 1
202 258 1
202 340 1
202 345 1
202 592 1
203 61 1
203 81 1
203 308 1
203 320 1
204 3 1
204 43 1
204 66 1
204 236 1
204 348 1
204 367 1
204 409 1
204 488 1
205 210 1
205 279 1
205 337 1
205 536 1
206 76 1
206 97 1
206 216 1
206 346 1
206 557 1
207 113 1
207 152 1
207 173 1
207 261 1
207 286 1
207 294 1
207 306 1
207 329 1
207 550 1
207 590 1
208 70 1
208 95 1
208 417 1
208 459 1
208 593 1
209 28 1
209 48 1
209 114 1
209 127 1
209 330 1
209 391 1
209 490 1
209 534 1
210 51 1
210 143 1
210 158 1
210 175 1
210 205 1
210 328 1
210 369 1
210 427 1
210 465 1
210 523 1
210 562 1
211 67 1
211 196 1
211 262 1
211 385 1
211 497 1
211 586 1
211 646 1
212 287 1
212 323 1
212 362 1
212 438 1
212 528 1
212 563 1
212 580 1
213 8 1
213 27 1
213 55 1
213 62 1
213 73 1
213 110 1
213 234 1
213 285 1
213 334 1
213 498 1
214 263 1
214 302 1
214 315 1
214 317 1
214 489 1
214 575 1
215 4 1
215 56 1
215 198 1
215 228 1
215 582 1
216 128 1
216 190 1
216 206 1
216 327 1
216 471 1
216 476 1
216 479 1
216 521 1
216 561 1
216 620 1
217 263 1
217 302 1
217 315 1
217 317 1
217 489 1
217 575 1
218 194 1
218 374 1
218 505 1
218 549 1
219 104 1
219 170 1
219 264 1
219 292 1
219 406 1
219 434 1
219 452 1
220 87 1
220 187 1
220 439 1
220 448 1
220 569 1
221 31 1
221 90 1
221 189 1
221 248 1
221 512 1
221 552 1
222 86 1
222 106 1
222 131 1
222 164 1
222 229 1
222 381 1
222 441 1
222 533 1
222 648 1
223 41 1
223 180 1
223 295 1
223 560 1
223 595 1
224 16 1
224 85 1
224 96 1
224 105 1
224 250 1
224 413 1
224 455 1
224 573 1
225 45 1
225 141 1
225 324 1
225 341 1
225 388 1
225 578 1
225 606 1
226 263 1
226 302 1
226 315 1
226 317 1
226 489 1
226 575 1
227 115 1
227 296 1
227 298 1
227 401 1
227 468 1
227 486 1
227 494 1
227 524 1
227 616 1
228 1 1
228 60 1
228 215 1
228 240 1
228 305 1
228 386 1
228 559 1
228 600 1
229 98 1
229 133 1
229 195 1
229 222 1
229 293 1
229 461 1
230 88 1
230 254 1
230 312 1
230 414 1
231 359 1
231 389 1
231 436 1
231 478 1
232 154 1
232 342 1
232 352 1
232 365 1
232 463 1
232 510 1
232 531 1
232 604 1
232 635 1
233 12 1
233 64 1
233 100 1
233 403 1
233 425 1
233 429 1
233 518 1
234 2 1
234 147 1
234 150 1
234 213 1
234 514 1
234 544 1
235 273 1
235 276 1
235 410 1
235 442 1
235 462 1
235 565 1
235 610 1
236 9 1
236 157 1
236 204 1
236 316 1
236 353 1
236 421 1
237 32 1
237 38 1
237 79 1
237 146 1
237 300 1
237 507 1
237 566 1
237 614 1
238 53 1
238 59 1
238 145 1
238 184 1
238 331 1
238 422 1
238 492 1
239 267 1
239 543 1
240 4 1
240 56 1
240 198 1
240 228 1
240 582 1
241 65 1
241 109 1
241 333 1
241 469 1
241 652 1
242 263 1
242 302 1
242 315 1
242 317 1
242 489 1
242 575 1
243 193 1
243 274 1
243 496 1
243 522 1
243 564 1
244 10 1
244 161 1
244 192 1
244 504 1
245 19 1
245 26 1
245 124 1
245 163 1
245 321 1
245 513 1
245 568 1
246 115 1
246 296 1
246 298 1
246 401 1
246 468 1
246 486 1
246 494 1
246 524 1
246 616 1
247 299 1
247 460 1
247 467 1
247 501 1
247 519 1
248 75 1
248 83 1
248 111 1
248 160 1
248 221 1
248 265 1
248 269 1
248 451 1
248 539 1
248 602 1
248 642 1
249 40 1
249 191 1
249 270 1
249 349 1
249 408 1
249 411 1
249 508 1
250 15 1
250 91 1
250 134 1
250 224 1
250 377 1
250 594 1
250 609 1
250 628 1
251 104 1
251 170 1
251 264 1
251 292 1
251 406 1
251 434 1
251 452 1
252 117 1
252 289 1
252 447 1
252 574 1
252 629 1
253 263 1
253 302 1
253 315 1
253 317 1
253 489 1
253 575 1
254 11 1
254 71 1
254 230 1
254 260 1
254 481 1
254 591 1
255 40 1
255 191 1
255 270 1
255 349 1
255 408 1
255 411 1
255 508 1
256 104 1
256 170 1
256 264 1
256 292 1
256 406 1
256 434 1
256 452 1
257 271 1
257 382 1
257 509 1
258 7 1
258 202 1
258 325 1
258 450 1
258 474 1
258 621 1
259 271 1
259 382 1
259 509 1
260 88 1
260 254 1
260 312 1
260 414 1
261 58 1
261 89 1
261 120 1
261 207 1
261 378 1
261 503 1
261 546 1
261 585 1
261 637 1
262 211 1
262 424 1
262 432 1
262 446 1
262 541 1
262 598 1
262 603 1
263 6 1
263 30 1
263 214 1
263 217 1
263 226 1
263 242 1
263 253 1
263 311 1
263 396 1
263 615 1
264 54 1
264 219 1
264 251 1
264 256 1
264 443 1
264 449 1
265 31 1
265 90 1
265 189 1
265 248 1
265 512 1
265 552 1
266 70 1
266 95 1
266 417 1
266 459 1
266 593 1
267 74 1
267 126 1
267 179 1
267 239 1
267 387 1
267 470 1
267 576 1
267 589 1
267 625 1
268 115 1
268 296 1
268 298 1
268 401 1
268 468 1
268 486 1
268 494 1
268 524 1
268 616 1
269 31 1
269 90 1
269 189 1
269 248 1
269 512 1
269 552 1
270 132 1
270 151 1
270 249 1
270 255 1
270 272 1
270 278 1
270 301 1
270 435 1
270 624 1
270 644 1
271 47 1
271 101 1
271 165 1
271 182 1
271 257 1
271 259 1
271 551 1
271 650 1
272 40 1
272 191 1
272 270 1
272 349 1
272 408 1
272 411 1
272 508 1
273 49 1
273 137 1
273 235 1
273 297 1
273 314 1
273 347 1
273 516 1
273 649 1
274 138 1
274 156 1
274 243 1
274 354 1
274 407 1
274 420 1
274 431 1
274 457 1
274 473 1
274 487 1
274 542 1
274 618 1
275 61 1
275 81 1
275 308 1
275 320 1
276 49 1
276 137 1
276 235 1
276 297 1
276 314 1
276 347 1
276 516 1
276 649 1
277 53 1
277 59 1
277 145 1
277 184 1
277 331 1
277 422 1
277 492 1
278 40 1
278 191 1
278 270 1
278 349 1
278 408 1
278 411 1
278 508 1
279 51 1
279 143 1
279 158 1
279 175 1
279 205 1
279 328 1
279 369 1
279 427 1
279 465 1
279 523 1
279 562 1
280 10 1
280 161 1
280 192 1
280 504 1
281 125 1
281 129 1
281 445 1
281 454 1
281 495 1
281 526 1
281 612 1
281 641 1
282 41 1
282 180 1
282 295 1
282 560 1
282 595 1
283 24 1
283 169 1
283 307 1
283 483 1
283 630 1
283 647 1
284 41 1
284 180 1
284 295 1
284 560 1
284 595 1
285 2 1
285 147 1
285 150 1
285 213 1
285 514 1
285 544 1
286 58 1
286 89 1
286 120 1
286 207 1
286 378 1
286 503 1
286 546 1
286 585 1
286 637 1
287 212 1
287 390 1
288 65 1
288 109 1
288 333 1
288 469 1
288 652 1
289 94 1
289 112 1
289 142 1
289 181 1
289 186 1
289 252 1
289 613 1
290 299 1
290 460 1
290 467 1
290 501 1
290 519 1
291 18 1
291 103 1
291 144 1
291 171 1
291 419 1
291 466 1
291 601 1
292 54 1
292 219 1
292 251 1
292 256 1
292 443 1
292 449 1
293 86 1
293 106 1
293 131 1
293 164 1
293 229 1
293 381 1
293 441 1
293 533 1
293 648 1
294 58 1
294 89 1
294 120 1
294 207 1
294 378 1
294 503 1
294 546 1
294 585 1
294 637 1
295 37 1
295 223 1
295 282 1
295 284 1
295 502 1
296 44 1
296 159 1
296 168 1
296 176 1
296 227 1
296 246 1
296 268 1
296 338 1
296 363 1
296 394 1
296 440 1
296 577 1
296 605 1
296 645 1
297 273 1
297 276 1
297 410 1
297 442 1
297 462 1
297 565 1
297 610 1
298 44 1
298 159 1
298 168 1
298 176 1
298 227 1
298 246 1
298 268 1
298 338 1
298 363 1
298 394 1
298 440 1
298 577 1
298 605 1
298 645 1
299 25 1
299 36 1
299 99 1
299 247 1
299 290 1
299 355 1
299 398 1
299 532 1
300 21 1
300 135 1
300 237 1
300 336 1
300 357 1
300 428 1
300 548 1
300 622 1
301 40 1
301 191 1
301 270 1
301 349 1
301 408 1
301 411 1
301 508 1
302 6 1
302 30 1
302 214 1
302 217 1
302 226 1
302 242 1
302 253 1
302 311 1
302 396 1
302 615 1
303 148 1
303 155 1
303 322 1
303 376 1
303 581 1
303 597 1
303 607 1
304 29 1
304 116 1
304 122 1
304 343 1
304 368 1
304 375 1
304 444 1
305 4 1
305 56 1
305 198 1
305 228 1
305 582 1
306 58 1
306 89 1
306 120 1
306 207 1
306 378 1
306 503 1
306 546 1
306 585 1
306 637 1
307 5 1
307 283 1
307 456 1
308 183 1
308 203 1
308 275 1
308 527 1
308 529 1
308 567 1
308 599 1
309 69 1
309 84 1
309 530 1
309 643 1
310 28 1
310 48 1
310 114 1
310 127 1
310 330 1
310 391 1
310 490 1
310 534 1
311 263 1
311 302 1
311 315 1
311 317 1
311 489 1
311 575 1
312 11 1
312 71 1
312 230 1
312 260 1
312 481 1
312 591 1
313 45 1
313 141 1
313 324 1
313 341 1
313 388 1
313 578 1
313 606 1
314 273 1
314 276 1
314 410 1
314 442 1
314 462 1
314 565 1
314 610 1
315 6 1
315 30 1
315 214 1
315 217 1
315 226 1
315 242 1
315 253 1
315 311 1
315 396 1
315 615 1
316 3 1
316 43 1
316 66 1
316 236 1
316 348 1
316 367 1
316 409 1
316 488 1
317 6 1
317 30 1
317 214 1
317 217 1
317 226 1
317 242 1
317 253 1
317 311 1
317 396 1
317 615 1
318 125 1
318 129 1
318 445 1
318 454 1
318 495 1
318 526 1
318 612 1
318 641 1
319 29 1
319 116 1
319 122 1
319 343 1
319 368 1
319 375 1
319 444 1
320 183 1
320 203 1
320 275 1
320 527 1
320 529 1
320 567 1
320 599 1
321 245 1
321 458 1
322 22 1
322 39 1
322 185 1
322 303 1
322 472 1
322 491 1
322 633 1
323 212 1
323 390 1
324 34 1
324 80 1
324 162 1
324 225 1
324 313 1
324 384 1
324 433 1
325 92 1
325 174 1
325 258 1
325 340 1
325 345 1
325 592 1
326 10 1
326 161 1
326 192 1
326 504 1
327 76 1
327 97 1
327 216 1
327 346 1
327 557 1
328 210 1
328 279 1
328 337 1
328 536 1
329 58 1
329 89 1
329 120 1
329 207 1
329 378 1
329 503 1
329 546 1
329 585 1
329 637 1
330 77 1
330 209 1
330 310 1
330 480 1
330 537 1
330 617 1
330 631 1
330 636 1
331 119 1
331 238 1
331 277 1
331 366 1
331 372 1
331 383 1
331 477 1
332 194 1
332 374 1
332 505 1
332 549 1
333 68 1
333 241 1
333 288 1
333 493 1
333 511 1
334 2 1
334 147 1
334 150 1
334 213 1
334 514 1
334 544 1
335 50 1
335 130 1
335 351 1
335 412 1
335 535 1
336 32 1
336 38 1
336 79 1
336 146 1
336 300 1
336 507 1
336 566 1
336 614 1
337 51 1
337 143 1
337 158 1
337 175 1
337 205 1
337 328 1
337 369 1
337 427 1
337 465 1
337 523 1
337 562 1
338 115 1
338 296 1
338 298 1
338 401 1
338 468 1
338 486 1
338 494 1
338 524 1
338 616 1
339 194 1
339 374 1
339 505 1
339 549 1
340 7 1
340 202 1
340 325 1
340 450 1
340 474 1
340 621 1
341 34 1
341 80 1
341 162 1
341 225 1
341 313 1
341 384 1
341 433 1
342 78 1
342 232 1
342 405 1
342 416 1
342 506 1
342 525 1
343 177 1
343 304 1
343 319 1
343 358 1
343 399 1
343 485 1
343 570 1
343 639 1
344 194 1
344 374 1
344 505 1
344 549 1
345 7 1
345 202 1
345 325 1
345 450 1
345 474 1
345 621 1
346 128 1
346 190 1
346 206 1
346 327 1
346 471 1
346 476 1
346 479 1
346 521 1
346 561 1
346 620 1
347 273 1
347 276 1
347 410 1
347 442 1
347 462 1
347 565 1
347 610 1
348 9 1
348 157 1
348 204 1
348 316 1
348 353 1
348 421 1
349 132 1
349 151 1
349 249 1
349 255 1
349 272 1
349 278 1
349 301 1
349 435 1
349 624 1
349 644 1
350 10 1
350 161 1
350 192 1
350 504 1
351 14 1
351 167 1
351 335 1
351 360 1
351 373 1
351 556 1
352 78 1
352 232 1
352 405 1
352 416 1
352 506 1
352 525 1
353 3 1
353 43 1
353 66 1
353 236 1
353 348 1
353 367 1
353 409 1
353 488 1
354 193 1
354 274 1
354 496 1
354 522 1
354 564 1
355 299 1
355 460 1
355 467 1
355 501 1
355 519 1
356 123 1
356 172 1
356 197 1
356 379 1
356 393 1
356 553 1
357 32 1
357 38 1
357 79 1
357 146 1
357 300 1
357 507 1
357 566 1
357 614 1
358 29 1
358 116 1
358 122 1
358 343 1
358 368 1
358 375 1
358 444 1
359 201 1
359 231 1
359 547 1
359 623 1
360 50 1
360 130 1
360 351 1
360 412 1
360 535 1
361 87 1
361 187 1
361 439 1
361 448 1
361 569 1
362 212 1
362 390 1
363 115 1
363 296 1
363 298 1
363 401 1
363 468 1
363 486 1
363 494 1
363 524 1
363 616 1
364 42 1
364 107 1
364 188 1
364 392 1
364 627 1
364 651 1
365 78 1
365 232 1
365 405 1
365 416 1
365 506 1
365 525 1
366 53 1
366 59 1
366 145 1
366 184 1
366 331 1
366 422 1
366 492 1
367 9 1
367 157 1
367 204 1
367 316 1
367 353 1
367 421 1
368 177 1
368 304 1
368 319 1
368 358 1
368 399 1
368 485 1
368 570 1
368 639 1
369 210 1
369 279 1
369 337 1
369 536 1
370 108 1
370 139 1
370 426 1
370 482 1
371 194 1
371 374 1
371 505 1
371 549 1
372 53 1
372 59 1
372 145 1
372 184 1
372 331 1
372 422 1
372 492 1
373 50 1
373 130 1
373 351 1
373 412 1
373 535 1
374 218 1
374 332 1
374 339 1
374 344 1
374 371 1
374 395 1
374 554 1
374 632 1
374 653 1
375 177 1
375 304 1
375 319 1
375 358 1
375 399 1
375 485 1
375 570 1
375 639 1
376 22 1
376 39 1
376 185 1
376 303 1
376 472 1
376 491 1
376 633 1
377 16 1
377 85 1
377 96 1
377 105 1
377 250 1
377 413 1
377 455 1
377 573 1
378 113 1
378 152 1
378 173 1
378 261 1
378 286 1
378 294 1
378 306 1
378 329 1
378 550 1
378 590 1
379 356 1
379 500 1
379 538 1
379 587 1
380 18 1
380 103 1
380 144 1
380 171 1
380 419 1
380 466 1
380 601 1
381 98 1
381 133 1
381 195 1
381 222 1
381 293 1
381 461 1
382 47 1
382 101 1
382 165 1
382 182 1
382 257 1
382 259 1
382 551 1
382 650 1
383 53 1
383 59 1
383 145 1
383 184 1
383 331 1
383 422 1
383 492 1
384 45 1
384 141 1
384 324 1
384 341 1
384 388 1
384 578 1
384 606 1
385 211 1
385 424 1
385 432 1
385 446 1
385 541 1
385 598 1
385 603 1
386 4 1
386 56 1
386 198 1
386 228 1
386 582 1
387 267 1
387 543 1
388 34 1
388 80 1
388 162 1
388 225 1
388 313 1
388 384 1
388 433 1
389 201 1
389 231 1
389 547 1
389 623 1
390 287 1
390 323 1
390 362 1
390 438 1
390 528 1
390 563 1
390 580 1
391 77 1
391 209 1
391 310 1
391 480 1
391 537 1
391 617 1
391 631 1
391 636 1
392 364 1
392 453 1
392 484 1
392 555 1
392 571 1
393 356 1
393 500 1
393 538 1
393 587 1
394 115 1
394 296 1
394 298 1
394 401 1
394 468 1
394 486 1
394 494 1
394 524 1
394 616 1
395 194 1
395 374 1
395 505 1
395 549 1
396 263 1
396 302 1
396 315 1
396 317 1
396 489 1
396 575 1
397 87 1
397 187 1
397 439 1
397 448 1
397 569 1
398 299 1
398 460 1
398 467 1
398 501 1
398 519 1
399 29 1
399 116 1
399 122 1
399 343 1
399 368 1
399 375 1
399 444 1
400 87 1
400 187 1
400 439 1
400 448 1
400 569 1
401 44 1
401 159 1
401 168 1
401 176 1
401 227 1
401 246 1
401 268 1
401 338 1
401 363 1
401 394 1
401 440 1
401 577 1
401 605 1
401 645 1
402 12 1
402 64 1
402 100 1
402 403 1
402 425 1
402 429 1
402 518 1
403 233 1
403 402 1
403 558 1
403 588 1
404 18 1
404 103 1
404 144 1
404 171 1
404 419 1
404 466 1
404 601 1
405 154 1
405 342 1
405 352 1
405 365 1
405 463 1
405 510 1
405 531 1
405 604 1
405 635 1
406 54 1
406 219 1
406 251 1
406 256 1
406 443 1
406 449 1
407 193 1
407 274 1
407 496 1
407 522 1
407 564 1
408 132 1
408 151 1
408 249 1
408 255 1
408 272 1
408 278 1
408 301 1
408 435 1
408 624 1
408 644 1
409 9 1
409 157 1
409 204 1
409 316 1
409 353 1
409 421 1
410 49 1
410 137 1
410 235 1
410 297 1
410 314 1
410 347 1
410 516 1
410 649 1
411 132 1
411 151 1
411 249 1
411 255 1
411 272 1
411 278 1
411 301 1
411 435 1
411 624 1
411 644 1
412 14 1
412 167 1
412 335 1
412 360 1
412 373 1
412 556 1
413 15 1
413 91 1
413 134 1
413 224 1
413 377 1
413 594 1
413 609 1
413 628 1
414 11 1
414 71 1
414 230 1
414 260 1
414 481 1
414 591 1
415 475 1
416 154 1
416 342 1
416 352 1
416 365 1
416 463 1
416 510 1
416 531 1
416 604 1
416 635 1
417 63 1
417 208 1
417 266 1
417 626 1
418 69 1
418 84 1
418 530 1
418 643 1
419 20 1
419 33 1
419 35 1
419 46 1
419 72 1
419 149 1
419 178 1
419 291 1
419 380 1
419 404 1
419 596 1
419 634 1
420 193 1
420 274 1
420 496 1
420 522 1
420 564 1
421 3 1
421 43 1
421 66 1
421 236 1
421 348 1
421 367 1
421 409 1
421 488 1
422 119 1
422 238 1
422 277 1
422 366 1
422 372 1
422 383 1
422 477 1
423 10 1
423 161 1
423 192 1
423 504 1
424 67 1
424 196 1
424 262 1
424 385 1
424 497 1
424 586 1
424 646 1
425 233 1
425 402 1
425 558 1
425 588 1
426 166 1
426 370 1
426 437 1
427 210 1
427 279 1
427 337 1
427 536 1
428 32 1
428 38 1
428 79 1
428 146 1
428 300 1
428 507 1
428 566 1
428 614 1
429 233 1
429 402 1
429 558 1
429 588 1
430 475 1
431 193 1
431 274 1
431 496 1
431 522 1
431 564 1
432 67 1
432 196 1
432 262 1
432 385 1
432 497 1
432 586 1
432 646 1
433 45 1
433 141 1
433 324 1
433 341 1
433 388 1
433 578 1
433 606 1
434 54 1
434 219 1
434 251 1
434 256 1
434 443 1
434 449 1
435 40 1
435 191 1
435 270 1
435 349 1
435 408 1
435 411 1
435 508 1
436 201 1
436 231 1
436 547 1
436 623 1
437 108 1
437 139 1
437 426 1
437 482 1
438 212 1
438 390 1
439 220 1
439 361 1
439 397 1
439 400 1
439 515 1
439 584 1
440 115 1
440 296 1
440 298 1
440 401 1
440 468 1
440 486 1
440 494 1
440 524 1
440 616 1
441 98 1
441 133 1
441 195 1
441 222 1
441 293 1
441 461 1
442 49 1
442 137 1
442 235 1
442 297 1
442 314 1
442 347 1
442 516 1
442 649 1
443 104 1
443 170 1
443 264 1
443 292 1
443 406 1
443 434 1
443 452 1
444 177 1
444 304 1
444 319 1
444 358 1
444 399 1
444 485 1
444 570 1
444 639 1
445 52 1
445 118 1
445 140 1
445 199 1
445 281 1
445 318 1
445 464 1
445 545 1
445 583 1
445 608 1
445 654 1
446 67 1
446 196 1
446 262 1
446 385 1
446 497 1
446 586 1
446 646 1
447 94 1
447 112 1
447 142 1
447 181 1
447 186 1
447 252 1
447 613 1
448 220 1
448 361 1
448 397 1
448 400 1
448 515 1
448 584 1
449 104 1
449 170 1
449 264 1
449 292 1
449 406 1
449 434 1
449 452 1
450 92 1
450 174 1
450 258 1
450 340 1
450 345 1
450 592 1
451 31 1
451 90 1
451 189 1
451 248 1
451 512 1
451 552 1
452 54 1
452 219 1
452 251 1
452 256 1
452 443 1
452 449 1
453 42 1
453 107 1
453 188 1
453 392 1
453 627 1
453 651 1
454 52 1
454 118 1
454 140 1
454 199 1
454 281 1
454 318 1
454 464 1
454 545 1
454 583 1
454 608 1
454 654 1
455 15 1
455 91 1
455 134 1
455 224 1
455 377 1
455 594 1
455 609 1
455 628 1
456 24 1
456 169 1
456 307 1
456 483 1
456 630 1
456 647 1
457 193 1
457 274 1
457 496 1
457 522 1
457 564 1
458 19 1
458 26 1
458 124 1
458 163 1
458 321 1
458 513 1
458 568 1
459 63 1
459 208 1
459 266 1
459 626 1
460 25 1
460 36 1
460 99 1
460 247 1
460 290 1
460 355 1
460 398 1
460 532 1
461 86 1
461 106 1
461 131 1
461 164 1
461 229 1
461 381 1
461 441 1
461 533 1
461 648 1
462 49 1
462 137 1
462 235 1
462 297 1
462 314 1
462 347 1
462 516 1
462 649 1
463 78 1
463 232 1
463 405 1
463 416 1
463 506 1
463 525 1
464 125 1
464 129 1
464 445 1
464 454 1
464 495 1
464 526 1
464 612 1
464 641 1
465 210 1
465 279 1
465 337 1
465 536 1
466 20 1
466 33 1
466 35 1
466 46 1
466 72 1
466 149 1
466 178 1
466 291 1
466 380 1
466 404 1
466 596 1
466 634 1
467 25 1
467 36 1
467 99 1
467 247 1
467 290 1
467 355 1
467 398 1
467 532 1
468 44 1
468 159 1
468 168 1
468 176 1
468 227 1
468 246 1
468 268 1
468 338 1
468 363 1
468 394 1
468 440 1
468 577 1
468 605 1
468 645 1
469 68 1
469 241 1
469 288 1
469 493 1
469 511 1
470 267 1
470 543 1
471 76 1
471 97 1
471 216 1
471 346 1
471 557 1
472 148 1
472 155 1
472 322 1
472 376 1
472 581 1
472 597 1
472 607 1
473 193 1
473 274 1
473 496 1
473 522 1
473 564 1
474 92 1
474 174 1
474 258 1
474 340 1
474 345 1
474 592 1
475 17 1
475 121 1
475 200 1
475 415 1
475 430 1
475 499 1
475 638 1
475 640 1
476 76 1
476 97 1
476 216 1
476 346 1
476 557 1
477 53 1
477 59 1
477 145 1
477 184 1
477 331 1
477 422 1
477 492 1
478 201 1
478 231 1
478 547 1
478 623 1
479 76 1
479 97 1
479 216 1
479 346 1
479 557 1
480 28 1
480 48 1
480 114 1
480 127 1
480 330 1
480 391 1
480 490 1
480 534 1
481 88 1
481 254 1
481 312 1
481 414 1
482 166 1
482 370 1
482 437 1
483 5 1
483 283 1
483 456 1
484 42 1
484 107 1
484 188 1
484 392 1
484 627 1
484 651 1
485 29 1
485 116 1
485 122 1
485 343 1
485 368 1
485 375 1
485 444 1
486 44 1
486 159 1
486 168 1
486 176 1
486 227 1
486 246 1
486 268 1
486 338 1
486 363 1
486 394 1
486 440 1
486 577 1
486 605 1
486 645 1
487 193 1
487 274 1
487 496 1
487 522 1
487 564 1
488 9 1
488 157 1
488 204 1
488 316 1
488 353 1
488 421 1
489 6 1
489 30 1
489 214 1
489 217 1
489 226 1
489 242 1
489 253 1
489 311 1
489 396 1
489 615 1
490 77 1
490 209 1
490 310 1
490 480 1
490 537 1
490 617 1
490 631 1
490 636 1
491 148 1
491 155 1
491 322 1
491 376 1
491 581 1
491 597 1
491 607 1
492 119 1
492 238 1
492 277 1
492 366 1
492 372 1
492 383 1
492 477 1
493 65 1
493 109 1
493 333 1
493 469 1
493 652 1
494 44 1
494 159 1
494 168 1
494 176 1
494 227 1
494 246 1
494 268 1
494 338 1
494 363 1
494 394 1
494 440 1
494 577 1
494 605 1
494 645 1
495 52 1
495 118 1
495 140 1
495 199 1
495 281 1
495 318 1
495 464 1
495 545 1
495 583 1
495 608 1
495 654 1
496 138 1
496 156 1
496 243 1
496 354 1
496 407 1
496 420 1
496 431 1
496 457 1
496 473 1
496 487 1
496 542 1
496 618 1
497 211 1
497 424 1
497 432 1
497 446 1
497 541 1
497 598 1
497 603 1
498 2 1
498 147 1
498 150 1
498 213 1
498 514 1
498 544 1
499 475 1
500 123 1
500 172 1
500 197 1
500 379 1
500 393 1
500 553 1
501 25 1
501 36 1
501 99 1
501 247 1
501 290 1
501 355 1
501 398 1
501 532 1
502 41 1
502 180 1
502 295 1
502 560 1
502 595 1
503 113 1
503 152 1
503 173 1
503 261 1
503 286 1
503 294 1
503 306 1
503 329 1
503 550 1
503 590 1
504 57 1
504 102 1
504 136 1
504 244 1
504 280 1
504 326 1
504 350 1
504 423 1
504 540 1
504 579 1
504 619 1
505 218 1
505 332 1
505 339 1
505 344 1
505 371 1
505 395 1
505 554 1
505 632 1
505 653 1
506 154 1
506 342 1
506 352 1
506 365 1
506 463 1
506 510 1
506 531 1
506 604 1
506 635 1
507 21 1
507 135 1
507 237 1
507 336 1
507 357 1
507 428 1
507 548 1
507 622 1
508 132 1
508 151 1
508 249 1
508 255 1
508 272 1
508 278 1
508 301 1
508 435 1
508 624 1
508 644 1
509 47 1
509 101 1
509 165 1
509 182 1
509 257 1
509 259 1
509 551 1
509 650 1
510 78 1
510 232 1
510 405 1
510 416 1
510 506 1
510 525 1
511 65 1
511 109 1
511 333 1
511 469 1
511 652 1
512 75 1
512 83 1
512 111 1
512 160 1
512 221 1
512 265 1
512 269 1
512 451 1
512 539 1
512 602 1
512 642 1
513 245 1
513 458 1
514 8 1
514 27 1
514 55 1
514 62 1
514 73 1
514 110 1
514 234 1
514 285 1
514 334 1
514 498 1
515 87 1
515 187 1
515 439 1
515 448 1
515 569 1
516 273 1
516 276 1
516 410 1
516 442 1
516 462 1
516 565 1
516 610 1
517 69 1
517 84 1
517 530 1
517 643 1
518 233 1
518 402 1
518 558 1
518 588 1
519 25 1
519 36 1
519 99 1
519 247 1
519 290 1
519 355 1
519 398 1
519 532 1
520 69 1
520 84 1
520 530 1
520 643 1
521 76 1
521 97 1
521 216 1
521 346 1
521 557 1
522 138 1
522 156 1
522 243 1
522 354 1
522 407 1
522 420 1
522 431 1
522 457 1
522 473 1
522 487 1
522 542 1
522 618 1
523 210 1
523 279 1
523 337 1
523 536 1
524 44 1
524 159 1
524 168 1
524 176 1
524 227 1
524 246 1
524 268 1
524 338 1
524 363 1
524 394 1
524 440 1
524 577 1
524 605 1
524 645 1
525 154 1
525 342 1
525 352 1
525 365 1
525 463 1
525 510 1
525 531 1
525 604 1
525 635 1
526 52 1
526 118 1
526 140 1
526 199 1
526 281 1
526 318 1
526 464 1
526 545 1
526 583 1
526 608 1
526 654 1
527 61 1
527 81 1
527 308 1
527 320 1
528 212 1
528 390 1
529 61 1
529 81 1
529 308 1
529 320 1
530 13 1
530 153 1
530 309 1
530 418 1
530 517 1
530 520 1
531 78 1
531 232 1
531 405 1
531 416 1
531 506 1
531 525 1
532 299 1
532 460 1
532 467 1
532 501 1
532 519 1
533 98 1
533 133 1
533 195 1
533 222 1
533 293 1
533 461 1
534 77 1
534 209 1
534 310 1
534 480 1
534 537 1
534 617 1
534 631 1
534 636 1
535 14 1
535 167 1
535 335 1
535 360 1
535 373 1
535 556 1
536 51 1
536 143 1
536 158 1
536 175 1
536 205 1
536 328 1
536 369 1
536 427 1
536 465 1
536 523 1
536 562 1
537 28 1
537 48 1
537 114 1
537 127 1
537 330 1
537 391 1
537 490 1
537 534 1
538 123 1
538 172 1
538 197 1
538 379 1
538 393 1
538 553 1
539 31 1
539 90 1
539 189 1
539 248 1
539 512 1
539 552 1
540 10 1
540 161 1
540 192 1
540 504 1
541 67 1
541 196 1
541 262 1
541 385 1
541 497 1
541 586 1
541 646 1
542 193 1
542 274 1
542 496 1
542 522 1
542 564 1
543 74 1
543 126 1
543 179 1
543 239 1
543 387 1
543 470 1
543 576 1
543 589 1
543 625 1
544 8 1
544 27 1
544 55 1
544 62 1
544 73 1
544 110 1
544 234 1
544 285 1
544 334 1
544 498 1
545 125 1
545 129 1
545 445 1
545 454 1
545 495 1
545 526 1
545 612 1
545 641 1
546 113 1
546 152 1
546 173 1
546 261 1
546 286 1
546 294 1
546 306 1
546 329 1
546 550 1
546 590 1
547 359 1
547 389 1
547 436 1
547 478 1
548 32 1
548 38 1
548 79 1
548 146 1
548 300 1
548 507 1
548 566 1
548 614 1
549 218 1
549 332 1
549 339 1
549 344 1
549 371 1
549 395 1
549 554 1
549 632 1
549 653 1
550 58 1
550 89 1
550 120 1
550 207 1
550 378 1
550 503 1
550 546 1
550 585 1
550 637 1
551 271 1
551 382 1
551 509 1
552 75 1
552 83 1
552 111 1
552 160 1
552 221 1
552 265 1
552 269 1
552 451 1
552 539 1
552 602 1
552 642 1
553 356 1
553 500 1
553 538 1
553 587 1
554 194 1
554 374 1
554 505 1
554 549 1
555 42 1
555 107 1
555 188 1
555 392 1
555 627 1
555 651 1
556 50 1
556 130 1
556 351 1
556 412 1
556 535 1
557 128 1
557 190 1
557 206 1
557 327 1
557 471 1
557 476 1
557 479 1
557 521 1
557 561 1
557 620 1
558 12 1
558 64 1
558 100 1
558 403 1
558 425 1
558 429 1
558 518 1
559 4 1
559 56 1
559 198 1
559 228 1
559 582 1
560 37 1
560 223 1
560 282 1
560 284 1
560 502 1
561 76 1
561 97 1
561 216 1
561 346 1
561 557 1
562 210 1
562 279 1
562 337 1
562 536 1
563 212 1
563 390 1
564 138 1
564 156 1
564 243 1
564 354 1
564 407 1
564 420 1
564 431 1
564 457 1
564 473 1
564 487 1
564 542 1
564 618 1
565 49 1
565 137 1
565 235 1
565 297 1
565 314 1
565 347 1
565 516 1
565 649 1
566 21 1
566 135 1
566 237 1
566 336 1
566 357 1
566 428 1
566 548 1
566 622 1
567 61 1
567 81 1
567 308 1
567 320 1
568 245 1
568 458 1
569 220 1
569 361 1
569 397 1
569 400 1
569 515 1
569 584 1
570 29 1
570 116 1
570 122 1
570 343 1
570 368 1
570 375 1
570 444 1
571 42 1
571 107 1
571 188 1
571 392 1
571 627 1
571 651 1
572 23 1
572 82 1
572 93 1
572 611 1
573 15 1
573 91 1
573 134 1
573 224 1
573 377 1
573 594 1
573 609 1
573 628 1
574 94 1
574 112 1
574 142 1
574 181 1
574 186 1
574 252 1
574 613 1
575 6 1
575 30 1
575 214 1
575 217 1
575 226 1
575 242 1
575 253 1
575 311 1
575 396 1
575 615 1
576 267 1
576 543 1
577 115 1
577 296 1
577 298 1
577 401 1
577 468 1
577 486 1
577 494 1
577 524 1
577 616 1
578 34 1
578 80 1
578 162 1
578 225 1
578 313 1
578 384 1
578 433 1
579 10 1
579 161 1
579 192 1
579 504 1
580 212 1
580 390 1
581 22 1
581 39 1
581 185 1
581 303 1
581 472 1
581 491 1
581 633 1
582 1 1
582 60 1
582 215 1
582 240 1
582 305 1
582 386 1
582 559 1
582 600 1
583 125 1
583 129 1
583 445 1
583 454 1
583 495 1
583 526 1
583 612 1
583 641 1
584 87 1
584 187 1
584 439 1
584 448 1
584 569 1
585 113 1
585 152 1
585 173 1
585 261 1
585 286 1
585 294 1
585 306 1
585 329 1
585 550 1
585 590 1
586 211 1
586 424 1
586 432 1
586 446 1
586 541 1
586 598 1
586 603 1
587 123 1
587 172 1
587 197 1
587 379 1
587 393 1
587 553 1
588 12 1
588 64 1
588 100 1
588 403 1
588 425 1
588 429 1
588 518 1
589 267 1
589 543 1
590 58 1
590 89 1
590 120 1
590 207 1
590 378 1
590 503 1
590 546 1
590 585 1
590 637 1
591 88 1
591 254 1
591 312 1
591 414 1
592 7 1
592 202 1
592 325 1
592 450 1
592 474 1
592 621 1
593 63 1
593 208 1
593 266 1
593 626 1
594 16 1
594 85 1
594 96 1
594 105 1
594 250 1
594 413 1
594 455 1
594 573 1
595 37 1
595 223 1
595 282 1
595 284 1
595 502 1
596 18 1
596 103 1
596 144 1
596 171 1
596 419 1
596 466 1
596 601 1
597 22 1
597 39 1
597 185 1
597 303 1
597 472 1
597 491 1
597 633 1
598 67 1
598 196 1
598 262 1
598 385 1
598 497 1
598 586 1
598 646 1
599 61 1
599 81 1
599 308 1
599 320 1
600 4 1
600 56 1
600 198 1
600 228 1
600 582 1
601 20 1
601 33 1
601 35 1
601 46 1
601 72 1
601 149 1
601 178 1
601 291 1
601 380 1
601 404 1
601 596 1
601 634 1
602 31 1
602 90 1
602 189 1
602 248 1
602 512 1
602 552 1
603 67 1
603 196 1
603 262 1
603 385 1
603 497 1
603 586 1
603 646 1
604 78 1
604 232 1
604 405 1
604 416 1
604 506 1
604 525 1
605 115 1
605 296 1
605 298 1
605 401 1
605 468 1
605 486 1
605 494 1
605 524 1
605 616 1
606 34 1
606 80 1
606 162 1
606 225 1
606 313 1
606 384 1
606 433 1
607 22 1
607 39 1
607 185 1
607 303 1
607 472 1
607 491 1
607 633 1
608 125 1
608 129 1
608 445 1
608 454 1
608 495 1
608 526 1
608 612 1
608 641 1
609 16 1
609 85 1
609 96 1
609 105 1
609 250 1
609 413 1
609 455 1
609 573 1
610 49 1
610 137 1
610 235 1
610 297 1
610 314 1
610 347 1
610 516 1
610 649 1
611 572 1
612 52 1
612 118 1
612 140 1
612 199 1
612 281 1
612 318 1
612 464 1
612 545 1
612 583 1
612 608 1
612 654 1
613 117 1
613 289 1
613 447 1
613 574 1
613 629 1
614 21 1
614 135 1
614 237 1
614 336 1
614 357 1
614 428 1
614 548 1
614 622 1
615 263 1
615 302 1
615 315 1
615 317 1
615 489 1
615 575 1
616 44 1
616 159 1
616 168 1
616 176 1
616 227 1
616 246 1
616 268 1
616 338 1
616 363 1
616 394 1
616 440 1
616 577 1
616 605 1
616 645 1
617 28 1
617 48 1
617 114 1
617 127 1
617 330 1
617 391 1
617 490 1
617 534 1
618 193 1
618 274 1
618 496 1
618 522 1
618 564 1
619 10 1
619 161 1
619 192 1
619 504 1
620 76 1
620 97 1
620 216 1
620 346 1
620 557 1
621 92 1
621 174 1
621 258 1
621 340 1
621 345 1
621 592 1
622 32 1
622 38 1
622 79 1
622 146 1
622 300 1
622 507 1
622 566 1
622 614 1
623 359 1
623 389 1
623 436 1
623 478 1
624 40 1
624 191 1
624 270 1
624 349 1
624 408 1
624 411 1
624 508 1
625 267 1
625 543 1
626 70 1
626 95 1
626 417 1
626 459 1
626 593 1
627 364 1
627 453 1
627 484 1
627 555 1
627 571 1
628 16 1
628 85 1
628 96 1
628 105 1
628 250 1
628 413 1
628 455 1
628 573 1
629 94 1
629 112 1
629 142 1
629 181 1
629 186 1
629 252 1
629 613 1
630 5 1
630 283 1
630 456 1
631 28 1
631 48 1
631 114 1
631 127 1
631 330 1
631 391 1
631 490 1
631 534 1
632 194 1
632 374 1
632 505 1
632 549 1
633 148 1
633 155 1
633 322 1
633 376 1
633 581 1
633 597 1
633 607 1
634 18 1
634 103 1
634 144 1
634 171 1
634 419 1
634 466 1
634 601 1
635 78 1
635 232 1
635 405 1
635 416 1
635 506 1
635 525 1
636 28 1
636 48 1
636 114 1
636 127 1
636 330 1
636 391 1
636 490 1
636 534 1
637 113 1
637 152 1
637 173 1
637 261 1
637 286 1
637 294 1
637 306 1
637 329 1
637 550 1
637 590 1
638 475 1
639 29 1
639 116 1
639 122 1
639 343 1
639 368 1
639 375 1
639 444 1
640 475 1
641 52 1
641 118 1
641 140 1
641 199 1
641 281 1
641 318 1
641 464 1
641 545 1
641 583 1
641 608 1
641 654 1
642 31 1
642 90 1
642 189 1
642 248 1
642 512 1
642 552 1
643 13 1
643 153 1
643 309 1
643 418 1
643 517 1
643 520 1
644 40 1
644 191 1
644 270 1
644 349 1
644 408 1
644 411 1
644 508 1
645 115 1
645 296 1
645 298 1
645 401 1
645 468 1
645 486 1
645 494 1
645 524 1
645 616 1
646 211 1
646 424 1
646 432 1
646 446 1
646 541 1
646 598 1
646 603 1
647 5 1
647 283 1
647 456 1
648 98 1
648 133 1
648 195 1
648 222 1
648 293 1
648 461 1
649 273 1
649 276 1
649 410 1
649 442 1
649 462 1
649 565 1
649 610 1
650 271 1
650 382 1
650 509 1
651 364 1
651 453 1
651 484 1
651 555 1
651 571 1
652 68 1
652 241 1
652 288 1
652 493 1
652 511 1
653 194 1
653 374 1
653 505 1
653 549 1
654 125 1
654 129 1
654 445 1
654 454 1
654 495 1
654 526 1
654 612 1
654 641 1
$

Mappings:
1 --> x42
2 --> x27
3 --> -x30
4 --> -x42
5 --> -x19
6 --> -x4
7 --> -x21
8 --> -x27
9 --> x30
10 --> x46
11 --> x24
12 --> -x11
13 --> x12
14 --> -x17
15 --> x15
16 --> -x15
17 --> -x34
18 --> -x29
19 --> -x22
20 --> x29
21 --> -x13
22 --> -x9
23 --> -x43
24 --> x19
25 --> x44
26 --> -x22
27 --> -x27
28 --> x1
29 --> -x48
30 --> -x4
31 --> -x18
32 --> x13
33 --> x29
34 --> x40
35 --> x29
36 --> x44
37 --> x45
38 --> x13
39 --> -x9
40 --> -x16
41 --> -x45
42 --> -x7
43 --> -x30
44 --> x49
45 --> -x40
46 --> x29
47 --> -x31
48 --> x1
49 --> x23
50 --> x17
51 --> -x36
52 --> -x33
53 --> -x14
54 --> x2
55 --> -x27
56 --> -x42
57 --> -x46
58 --> x26
59 --> -x14
60 --> x42
61 --> x3
62 --> -x27
63 --> x37
64 --> -x11
65 --> x6
66 --> -x30
67 --> -x35
68 --> -x6
69 --> -x12
70 --> -x37
71 --> x24
72 --> x29
73 --> -x27
74 --> x32
75 --> x18
76 --> x50
77 --> -x1
78 --> x10
79 --> x13
80 --> x40
81 --> x3
82 --> -x43
83 --> x18
84 --> -x12
85 --> -x15
86 --> -x38
87 --> -x28
88 --> -x24
89 --> x26
90 --> -x18
91 --> x15
92 --> x21
93 --> -x43
94 --> -x47
95 --> -x37
96 --> -x15
97 --> x50
98 --> x38
99 --> x44
100 --> -x11
101 --> -x31
102 --> -x46
103 --> -x29
104 --> -x2
105 --> -x15
106 --> -x38
107 --> -x7
108 --> -x8
109 --> x6
110 --> -x27
111 --> x18
112 --> -x47
113 --> -x26
114 --> x1
115 --> -x49
116 --> -x48
117 --> x47
118 --> -x33
119 --> x14
120 --> x26
121 --> -x34
122 --> -x48
123 --> x25
124 --> -x22
125 --> x33
126 --> x32
127 --> x1
128 --> -x50
129 --> x33
130 --> x17
131 --> -x38
132 --> x16
133 --> x38
134 --> x15
135 --> -x13
136 --> -x46
137 --> x23
138 --> x5
139 --> -x8
140 --> -x33
141 --> -x40
142 --> -x47
143 --> -x36
144 --> -x29
145 --> -x14
146 --> x13
147 --> x27
148 --> x9
149 --> x29
150 --> x27
151 --> x16
152 --> -x26
153 --> x12
154 --> -x10
155 --> x9
156 --> x5
157 --> x30
158 --> -x36
159 --> x49
160 --> x18
161 --> x46
162 --> x40
163 --> -x22
164 --> -x38
165 --> -x31
166 --> x8
167 --> -x17
168 --> x49
169 --> x19
170 --> -x2
171 --> -x29
172 --> x25
173 --> -x26
174 --> x21
175 --> -x36
176 --> x49
177 --> x48
178 --> x29
179 --> x32
180 --> -x45
181 --> -x47
182 --> -x31
183 --> -x3
184 --> -x14
185 --> -x9
186 --> -x47
187 --> -x28
188 --> -x7
189 --> -x18
190 --> -x50
191 --> -x16
192 --> x46
193 --> -x5
194 --> -x20
195 --> x38
196 --> -x35
197 --> x25
198 --> -x42
199 --> -x33
200 --> -x34
201 --> x41
202 --> -x21
203 --> -x3
204 --> x30
205 --> -x36
206 --> -x50
207 --> x26
208 --> x37
209 --> -x1
210 --> x36
211 --> x35
212 --> x39
213 --> x27
214 --> -x4
215 --> x42
216 --> x50
217 --> -x4
218 --> x20
219 --> x2
220 --> x28
221 --> x18
222 --> x38
223 --> x45
224 --> x15
225 --> x40
226 --> -x4
227 --> x49
228 --> -x42
229 --> -x38
230 --> x24
231 --> x41
232 --> x10
233 --> x11
234 --> -x27
235 --> x23
236 --> -x30
237 --> -x13
238 --> x14
239 --> x32
240 --> x42
241 --> -x6
242 --> -x4
243 --> x5
244 --> -x46
245 --> x22
246 --> x49
247 --> x44
248 --> -x18
249 --> x16
250 --> -x15
251 --> x2
252 --> -x47
253 --> -x4
254 --> -x24
255 --> x16
256 --> x2
257 --> -x31
258 --> x21
259 --> -x31
260 --> x24
261 --> -x26
262 --> -x35
263 --> x4
264 --> -x2
265 --> x18
266 --> x37
267 --> -x32
268 --> x49
269 --> x18
270 --> -x16
271 --> x31
272 --> x16
273 --> -x23
274 --> -x5
275 --> -x3
276 --> -x23
277 --> x14
278 --> x16
279 --> x36
280 --> -x46
281 --> -x33
282 --> x45
283 --> -x19
284 --> x45
285 --> -x27
286 --> -x26
287 --> -x39
288 --> -x6
289 --> x47
290 --> x44
291 --> x29
292 --> -x2
293 --> x38
294 --> -x26
295 --> -x45
296 --> -x49
297 --> x23
298 --> -x49
299 --> -x44
300 --> x13
301 --> x16
302 --> x4
303 --> -x9
304 --> x48
305 --> x42
306 --> -x26
307 --> x19
308 --> x3
309 --> x12
310 --> -x1
311 --> -x4
312 --> -x24
313 --> x40
314 --> x23
315 --> x4
316 --> x30
317 --> x4
318 --> -x33
319 --> x48
320 --> x3
321 --> -x22
322 --> x9
323 --> -x39
324 --> -x40
325 --> -x21
326 --> -x46
327 --> -x50
328 --> -x36
329 --> -x26
330 --> x1
331 --> -x14
332 --> x20
333 --> x6
334 --> -x27
335 --> -x17
336 --> -x13
337 --> x36
338 --> x49
339 --> x20
340 --> x21
341 --> -x40
342 --> -x10
343 --> -x48
344 --> x20
345 --> x21
346 --> x50
347 --> x23
348 --> -x30
349 --> -x16
350 --> -x46
351 --> x17
352 --> -x10
353 --> x30
354 --> x5
355 --> x44
356 --> -x25
357 --> -x13
358 --> x48
359 --> -x41
360 --> -x17
361 --> x28
362 --> -x39
363 --> x49
364 --> x7
365 --> -x10
366 --> x14
367 --> -x30
368 --> -x48
369 --> -x36
370 --> x8
371 --> x20
372 --> x14
373 --> -x17
374 --> -x20
375 --> -x48
376 --> x9
377 --> x15
378 --> x26
379 --> x25
380 --> x29
381 --> -x38
382 --> x31
383 --> x14
384 --> x40
385 --> -x35
386 --> x42
387 --> x32
388 --> -x40
389 --> -x41
390 --> x39
391 --> x1
392 --> -x7
393 --> x25
394 --> x49
395 --> x20
396 --> -x4
397 --> x28
398 --> x44
399 --> x48
400 --> x28
401 --> -x49
402 --> x11
403 --> -x11
404 --> x29
405 --> x10
406 --> -x2
407 --> x5
408 --> -x16
409 --> -x30
410 --> -x23
411 --> -x16
412 --> x17
413 --> -x15
414 --> -x24
415 --> -x34
416 --> x10
417 --> -x37
418 --> x12
419 --> -x29
420 --> x5
421 --> x30
422 --> -x14
423 --> -x46
424 --> x35
425 --> -x11
426 --> -x8
427 --> -x36
428 --> -x13
429 --> -x11
430 --> -x34
431 --> x5
432 --> x35
433 --> x40
434 --> -x2
435 --> x16
436 --> -x41
437 --> x8
438 --> -x39
439 --> -x28
440 --> x49
441 --> -x38
442 --> -x23
443 --> x2
444 --> -x48
445 --> x33
446 --> x35
447 --> x47
448 --> -x28
449 --> x2
450 --> -x21
451 --> x18
452 --> -x2
453 --> x7
454 --> x33
455 --> -x15
456 --> -x19
457 --> x5
458 --> x22
459 --> -x37
460 --> -x44
461 --> x38
462 --> -x23
463 --> -x10
464 --> -x33
465 --> -x36
466 --> -x29
467 --> -x44
468 --> -x49
469 --> x6
470 --> x32
471 --> -x50
472 --> -x9
473 --> x5
474 --> -x21
475 --> x34
476 --> -x50
477 --> x14
478 --> -x41
479 --> -x50
480 --> -x1
481 --> x24
482 --> -x8
483 --> x19
484 --> x7
485 --> x48
486 --> -x49
487 --> x5
488 --> -x30
489 --> x4
490 --> x1
491 --> -x9
492 --> -x14
493 --> -x6
494 --> -x49
495 --> x33
496 --> -x5
497 --> -x35
498 --> -x27
499 --> -x34
500 --> -x25
501 --> -x44
502 --> x45
503 --> x26
504 --> x46
505 --> -x20
506 --> x10
507 --> x13
508 --> -x16
509 --> x31
510 --> -x10
511 --> -x6
512 --> -x18
513 --> -x22
514 --> x27
515 --> x28
516 --> x23
517 --> x12
518 --> -x11
519 --> -x44
520 --> x12
521 --> -x50
522 --> -x5
523 --> -x36
524 --> -x49
525 --> x10
526 --> x33
527 --> -x3
528 --> -x39
529 --> -x3
530 --> -x12
531 --> -x10
532 --> x44
533 --> -x38
534 --> x1
535 --> x17
536 --> x36
537 --> -x1
538 --> -x25
539 --> x18
540 --> -x46
541 --> x35
542 --> x5
543 --> -x32
544 --> x27
545 --> -x33
546 --> x26
547 --> x41
548 --> -x13
549 --> -x20
550 --> -x26
551 --> -x31
552 --> -x18
553 --> x25
554 --> x20
555 --> x7
556 --> -x17
557 --> x50
558 --> x11
559 --> x42
560 --> -x45
561 --> -x50
562 --> -x36
563 --> -x39
564 --> -x5
565 --> -x23
566 --> x13
567 --> -x3
568 --> -x22
569 --> -x28
570 --> x48
571 --> x7
572 --> x43
573 --> -x15
574 --> x47
575 --> x4
576 --> x32
577 --> x49
578 --> -x40
579 --> -x46
580 --> -x39
581 --> x9
582 --> -x42
583 --> -x33
584 --> x28
585 --> x26
586 --> -x35
587 --> -x25
588 --> x11
589 --> x32
590 --> -x26
591 --> x24
592 --> x21
593 --> -x37
594 --> x15
595 --> -x45
596 --> x29
597 --> x9
598 --> x35
599 --> -x3
600 --> x42
601 --> -x29
602 --> x18
603 --> x35
604 --> -x10
605 --> x49
606 --> -x40
607 --> x9
608 --> -x33
609 --> x15
610 --> -x23
611 --> -x43
612 --> x33
613 --> -x47
614 --> x13
615 --> -x4
616 --> -x49
617 --> -x1
618 --> x5
619 --> -x46
620 --> -x50
621 --> -x21
622 --> -x13
623 --> x41
624 --> x16
625 --> x32
626 --> x37
627 --> -x7
628 --> x15
629 --> x47
630 --> x19
631 --> -x1
632 --> x20
633 --> -x9
634 --> x29
635 --> -x10
636 --> -x1
637 --> x26
638 --> -x34
639 --> x48
640 --> -x34
641 --> x33
642 --> x18
643 --> -x12
644 --> x16
645 --> x49
646 --> -x35
647 --> x19
648 --> -x38
649 --> x23
650 --> -x31
651 --> -x7
652 --> x6
653 --> x20
654 --> -x33

